0 0.554102 0.312349 0.029343 0.017933
0 0.554792 0.333624 0.033898 0.023599
0 0.539760 0.389727 0.027355 0.022238
0 0.570767 0.452432 0.027329 0.015809
0 0.560386 0.492893 0.030079 0.014598
0 0.557351 0.509827 0.030363 0.019344
0 0.498341 0.517631 0.023267 0.014155
0 0.496425 0.531933 0.024254 0.014323
0 0.502384 0.543418 0.016839 0.011472
0 0.499638 0.558128 0.026289 0.017230
0 0.456814 0.567807 0.019296 0.012760
0 0.453071 0.579754 0.023101 0.011246
0 0.446667 0.591819 0.020990 0.012091
0 0.443489 0.604188 0.017558 0.012270
0 0.563598 0.665805 0.018868 0.011962
0 0.562201 0.677150 0.018789 0.011080
0 0.506884 0.699385 0.017561 0.012204
0 0.488591 0.732677 0.019374 0.011795
0 0.488832 0.744596 0.017995 0.011972
0 0.513787 0.756224 0.014506 0.012016
0 0.511506 0.773927 0.021305 0.016188
0 0.510778 0.787736 0.023276 0.012058
0 0.498666 0.809596 0.023802 0.010804
0 0.490286 0.829909 0.015578 0.012098
0 0.493052 0.842636 0.014487 0.013788
0 0.439902 0.851451 0.022380 0.011203
0 0.419557 0.860512 0.011336 0.010915
0 0.567232 0.247705 0.027364 0.014645
0 0.566928 0.263670 0.022499 0.015365
0 0.564495 0.279514 0.026755 0.014885
0 0.560695 0.294519 0.030100 0.015125
0 0.543256 0.371446 0.036357 0.013841
0 0.546935 0.356323 0.030730 0.017088
0 0.582683 0.409778 0.024346 0.013274
0 0.577563 0.421679 0.024153 0.011443
0 0.576404 0.437318 0.024926 0.011901
0 0.560045 0.465477 0.025015 0.013078
0 0.558061 0.478554 0.027258 0.012533
0 0.418388 0.627992 0.022056 0.013014
0 0.433536 0.614882 0.025207 0.011675
0 0.575831 0.641513 0.019260 0.010253
0 0.572801 0.652791 0.020992 0.010595
0 0.560465 0.687479 0.020992 0.010253
0 0.502371 0.798862 0.018690 0.010320
0 0.436355 0.870621 0.014615 0.009099
0 0.426588 0.880608 0.014193 0.008877
0 0.426799 0.891039 0.016020 0.008433
0 0.418789 0.900914 0.012085 0.008877
0 0.406563 0.911012 0.011523 0.008655
0 0.407125 0.920943 0.016582 0.009210
0 0.408249 0.931041 0.011804 0.009654
0 0.404103 0.941360 0.010821 0.008988
0 0.422583 0.950737 0.012085 0.009099
0 0.437268 0.960890 0.014474 0.009210
0 0.432490 0.969878 0.012788 0.008322
0 0.419702 0.979809 0.013350 0.009543
0 0.414432 0.988908 0.012085 0.008655
0 0.401574 0.997173 0.013631 0.005655
0 0.489291 0.819733 0.014755 0.009987
0 0.496960 0.710538 0.015880 0.009987
0 0.487544 0.721246 0.017285 0.012095
