0 0.738485 0.986586 0.022059 0.020783
0 0.755656 0.966892 0.026821 0.017418
0 0.747760 0.947891 0.022560 0.017418
0 0.742746 0.929681 0.021557 0.018605
0 0.722818 0.911175 0.020805 0.018803
0 0.759792 0.892075 0.029579 0.016230
0 0.775834 0.872480 0.026571 0.017418
0 0.779594 0.853281 0.024064 0.018605
0 0.785736 0.834675 0.019301 0.019001
0 0.809674 0.814981 0.026069 0.018803
0 0.829226 0.794693 0.026069 0.019001
0 0.829858 0.774362 0.029198 0.018178
0 0.852177 0.753746 0.025548 0.019065
0 0.861722 0.733573 0.030040 0.019508
0 0.880673 0.712513 0.028636 0.021281
0 0.883480 0.690123 0.033690 0.020395
0 0.882778 0.669285 0.030601 0.020395
0 0.890218 0.647228 0.033690 0.021060
0 0.894149 0.623730 0.030882 0.021503
0 0.891481 0.599899 0.030040 0.022168
0 0.888674 0.577288 0.027794 0.023055
0 0.905378 0.554344 0.033128 0.023276
0 0.861021 0.530181 0.026390 0.021946
0 0.883340 0.505907 0.026109 0.023498
0 0.898500 0.480302 0.027232 0.020616
0 0.901328 0.456276 0.035531 0.022594
0 0.893226 0.431186 0.031109 0.022267
0 0.953430 0.407681 0.039167 0.024388
