0 0.493142 0.072821 0.035952 0.028020
0 0.502498 0.100452 0.030534 0.028020
0 0.508778 0.128181 0.027333 0.027826
0 0.511488 0.155423 0.029796 0.026658
0 0.518135 0.181887 0.035214 0.025880
0 0.505577 0.207571 0.034721 0.024323
0 0.513793 0.231891 0.025064 0.025366
0 0.517531 0.256475 0.033419 0.023106
0 0.489058 0.280624 0.030121 0.025539
0 0.485102 0.305816 0.029681 0.025539
0 0.495435 0.328923 0.034519 0.022065
0 0.497853 0.349598 0.028363 0.018243
0 0.434533 0.374094 0.026164 0.020328
0 0.447834 0.395639 0.034299 0.021717
0 0.437281 0.417530 0.032101 0.020675
0 0.427277 0.438551 0.025284 0.019980
0 0.432554 0.458618 0.028363 0.020501
0 0.445196 0.479814 0.027703 0.020501
0 0.430686 0.499273 0.026384 0.019458
0 0.427717 0.520294 0.033639 0.021195
0 0.423539 0.539753 0.027482 0.019458
0 0.425188 0.558864 0.025064 0.017373
0 0.432884 0.578583 0.025944 0.019284
0 0.443437 0.597608 0.023306 0.018417
0 0.447834 0.616892 0.022426 0.019806
0 0.442228 0.636091 0.027482 0.018590
0 0.424638 0.654593 0.025284 0.018069
0 0.438160 0.672836 0.023745 0.018069
0 0.441898 0.691425 0.026384 0.019110
0 0.450253 0.709754 0.021107 0.018243
0 0.450582 0.727650 0.021327 0.016506
0 0.452781 0.743721 0.023965 0.015289
0 0.433653 0.761702 0.025725 0.018938
0 0.422001 0.779597 0.024845 0.016157
0 0.411338 0.796102 0.027263 0.016853
0 0.409689 0.812606 0.027482 0.015810
0 0.410128 0.828243 0.023526 0.016506
0 0.411777 0.845183 0.024624 0.017373
0 0.409578 0.862383 0.023745 0.014942
0 0.403421 0.877323 0.025944 0.013899
0 0.402762 0.893308 0.024624 0.017026
0 0.397706 0.909118 0.023306 0.014246
0 0.413206 0.923972 0.023085 0.015462
0 0.409028 0.939174 0.020887 0.014594
0 0.414855 0.954723 0.022426 0.015115
0 0.404741 0.970448 0.021986 0.015289
0 0.404411 0.981740 0.022646 0.006602
