0 0.512004 0.770895 0.033616 0.018402
0 0.521628 0.788537 0.033774 0.018037
0 0.512792 0.805880 0.028107 0.016796
0 0.570610 0.822639 0.031510 0.017791
0 0.563116 0.839827 0.031492 0.016209
0 0.544723 0.753259 0.041011 0.014185
0 0.578515 0.855424 0.025787 0.014474
0 0.589604 0.871557 0.031460 0.016585
0 0.581352 0.888594 0.026303 0.015077
0 0.586509 0.906536 0.030428 0.016585
0 0.605334 0.921463 0.038164 0.013268
0 0.620290 0.937897 0.031976 0.015379
0 0.647624 0.952522 0.036102 0.015077
0 0.623900 0.969258 0.033007 0.015379
0 0.609459 0.985089 0.027850 0.014474
0 0.588056 0.996163 0.023208 0.007674
