0 0.510744 0.208468 0.035692 0.020245
0 0.445874 0.272467 0.032743 0.025515
0 0.509455 0.299440 0.027016 0.022308
0 0.509347 0.326519 0.029087 0.019720
0 0.506123 0.345743 0.027261 0.017773
0 0.464038 0.355821 0.030147 0.023907
0 0.486493 0.384015 0.026640 0.026294
0 0.493872 0.409942 0.030491 0.024040
0 0.487573 0.435822 0.030127 0.023895
0 0.499482 0.461152 0.032485 0.024328
0 0.399761 0.485627 0.029404 0.021927
0 0.395526 0.509732 0.031569 0.023219
0 0.399178 0.533086 0.029156 0.021330
0 0.396384 0.557962 0.034960 0.022723
0 0.381571 0.581975 0.030569 0.022587
0 0.368131 0.603341 0.027663 0.018857
0 0.281018 0.627560 0.027708 0.021414
0 0.282321 0.650142 0.026640 0.020763
0 0.281889 0.671857 0.030649 0.021128
0 0.273781 0.693309 0.023325 0.019126
0 0.374644 0.715095 0.029370 0.019422
0 0.362850 0.736186 0.033440 0.020500
0 0.347225 0.757279 0.028220 0.020017
0 0.338363 0.777499 0.028801 0.019543
0 0.329527 0.797174 0.019225 0.018710
0 0.448169 0.817769 0.025425 0.017575
0 0.436538 0.837141 0.028438 0.018536
0 0.423724 0.856977 0.023277 0.018386
0 0.420375 0.875973 0.028935 0.017333
0 0.401801 0.895198 0.021318 0.017849
0 0.340417 0.914210 0.026774 0.017931
0 0.324261 0.933060 0.024443 0.017552
0 0.319773 0.951283 0.021083 0.017176
0 0.326685 0.969440 0.025757 0.017699
0 0.335459 0.987480 0.021346 0.017369
0 0.484097 0.244702 0.041143 0.028710
