0 0.386170 0.573056 0.028958 0.020050
0 0.375000 0.594086 0.023167 0.019832
0 0.392374 0.613809 0.022064 0.020922
0 0.384515 0.633315 0.019582 0.018525
0 0.386859 0.651621 0.019857 0.017653
0 0.394443 0.669274 0.017928 0.018089
0 0.395408 0.687690 0.020960 0.018306
0 0.397063 0.706323 0.015445 0.017653
0 0.410715 0.724085 0.018478 0.018306
0 0.406441 0.742718 0.028132 0.017217
0 0.395133 0.759717 0.024821 0.018089
0 0.391133 0.776934 0.023443 0.015910
0 0.383411 0.794041 0.018478 0.016563
0 0.392650 0.810387 0.025373 0.016999
0 0.384100 0.826950 0.022064 0.016127
0 0.393064 0.843296 0.019582 0.016563
0 0.391272 0.859531 0.021512 0.015910
0 0.396374 0.876748 0.020134 0.015473
0 0.399407 0.892876 0.020684 0.014602
0 0.400924 0.908785 0.019306 0.015037
0 0.401199 0.923931 0.020960 0.013948
0 0.400649 0.938969 0.021512 0.015256
0 0.404924 0.954334 0.020134 0.014166
0 0.406164 0.969916 0.018754 0.014819
0 0.409531 0.982165 0.016718 0.006702
