0 0.480888 0.231086 0.036920 0.025321
0 0.480539 0.255856 0.033437 0.024220
0 0.473573 0.278975 0.034829 0.020918
0 0.468348 0.304296 0.038312 0.023118
0 0.462428 0.327415 0.047368 0.023118
0 0.447799 0.350260 0.037616 0.022568
0 0.461731 0.373102 0.045975 0.022018
0 0.456158 0.394295 0.043188 0.023670
0 0.456158 0.416038 0.036223 0.019816
0 0.455462 0.437505 0.036223 0.020918
0 0.444317 0.458422 0.036223 0.020918
0 0.443271 0.478789 0.041100 0.020918
0 0.454417 0.499706 0.049458 0.017614
0 0.401476 0.519246 0.046672 0.019266
0 0.399670 0.540029 0.046246 0.020302
0 0.396903 0.560018 0.035178 0.019678
0 0.385044 0.579696 0.030435 0.018429
0 0.382476 0.598749 0.033993 0.019678
0 0.373582 0.618271 0.034388 0.018115
0 0.361330 0.637792 0.028855 0.017179
0 0.358108 0.657071 0.030741 0.019982
0 0.353646 0.675877 0.033716 0.016064
0 0.346208 0.693900 0.037683 0.016064
0 0.329309 0.710681 0.036045 0.017881
0 0.318696 0.728724 0.025602 0.017341
0 0.407319 0.745620 0.027853 0.017785
0 0.410414 0.763183 0.029541 0.017341
0 0.409288 0.780635 0.031791 0.016674
0 0.400862 0.797077 0.020410 0.016483
0 0.402655 0.813470 0.019064 0.017014
0 0.409608 0.829774 0.020859 0.017014
0 0.446728 0.846612 0.020634 0.017014
0 0.447063 0.863183 0.024895 0.016128
0 0.444373 0.879310 0.023999 0.015774
0 0.439663 0.895173 0.023550 0.016305
0 0.435289 0.910504 0.024223 0.015064
0 0.432710 0.926188 0.019513 0.015950
0 0.430243 0.942139 0.020410 0.015242
0 0.427103 0.957204 0.018616 0.014533
0 0.425981 0.972003 0.025792 0.015064
