0 0.747698 0.577337 0.028925 0.022273
0 0.742918 0.624363 0.029040 0.021008
0 0.879967 0.647239 0.028440 0.020050
0 0.765070 0.668981 0.027224 0.019169
0 0.803121 0.691769 0.028435 0.020379
0 0.805111 0.713209 0.026476 0.020071
0 0.799568 0.733845 0.028360 0.019148
0 0.793897 0.756030 0.028834 0.020029
0 0.802884 0.776809 0.027378 0.018992
0 0.798794 0.796445 0.028722 0.018929
0 0.788095 0.816870 0.025583 0.018135
0 0.772335 0.835839 0.022466 0.016638
0 0.614099 0.855438 0.027078 0.018239
0 0.603106 0.875703 0.027000 0.017849
0 0.593967 0.894386 0.023306 0.017767
0 0.599913 0.913250 0.023743 0.017855
0 0.600674 0.931978 0.022402 0.017811
0 0.726228 0.951807 0.018439 0.017756
0 0.726821 0.969533 0.021708 0.017701
0 0.756489 0.601801 0.047363 0.023043
0 0.816290 0.553448 0.043536 0.022288
0 0.731491 0.988311 0.028843 0.017799
