0 0.392263 0.866694 0.023829 0.015255
0 0.338507 0.749595 0.028763 0.017042
0 0.354360 0.731679 0.028578 0.015905
0 0.387106 0.881909 0.018698 0.016118
0 0.407605 0.929205 0.021986 0.015253
0 0.405051 0.913286 0.020634 0.015627
0 0.371472 0.713390 0.018810 0.015301
0 0.382526 0.960256 0.024185 0.016439
0 0.402096 0.897974 0.019272 0.015192
0 0.325164 0.767139 0.021709 0.016216
0 0.379828 0.974955 0.016401 0.014099
0 0.394627 0.817117 0.020897 0.016621
0 0.397702 0.850219 0.024182 0.017056
0 0.378674 0.695733 0.027757 0.016967
0 0.391463 0.944993 0.024493 0.015961
0 0.400490 0.833333 0.021905 0.015593
0 0.410746 0.782810 0.021766 0.014789
0 0.384862 0.800076 0.023524 0.015597
0 0.381699 0.678196 0.021173 0.017299
