0 0.573179 0.650132 0.024815 0.012519
0 0.566996 0.663671 0.023779 0.012504
0 0.490001 0.731488 0.014480 0.011988
0 0.515407 0.755239 0.014145 0.012110
0 0.513124 0.765190 0.018432 0.009991
0 0.511893 0.775450 0.018959 0.011974
0 0.508715 0.787705 0.014809 0.011326
0 0.489245 0.819354 0.014764 0.010536
0 0.491791 0.830400 0.013267 0.012390
0 0.433146 0.870432 0.013502 0.010423
0 0.572478 0.638677 0.020658 0.009765
0 0.561169 0.675162 0.017690 0.011349
0 0.562386 0.687035 0.021449 0.013095
0 0.507657 0.697773 0.023881 0.011524
0 0.487535 0.720384 0.015036 0.009603
0 0.496601 0.709035 0.015921 0.010302
0 0.490640 0.742343 0.014279 0.010579
0 0.504108 0.798402 0.016746 0.010300
0 0.499437 0.808284 0.017275 0.010300
0 0.492738 0.840577 0.014807 0.008630
0 0.441882 0.849137 0.014984 0.009604
0 0.419759 0.860203 0.017275 0.010022
0 0.407419 0.910869 0.013750 0.009465
0 0.407155 0.920264 0.019214 0.008491
0 0.405392 0.931052 0.017099 0.009187
0 0.405568 0.940239 0.016394 0.009187
0 0.423372 0.949425 0.014279 0.009187
0 0.436329 0.959656 0.015160 0.008769
0 0.431041 0.969956 0.015865 0.009326
0 0.418084 0.979630 0.020977 0.009465
0 0.413325 0.988747 0.014631 0.009047
0 0.401514 0.997053 0.016394 0.005894
0 0.428379 0.880914 0.014018 0.011536
0 0.425714 0.890190 0.015795 0.008262
0 0.416533 0.901024 0.014018 0.009354
