0 0.742795 0.985515 0.021563 0.018048
0 0.757027 0.966957 0.029325 0.017026
0 0.751636 0.947717 0.020269 0.017367
0 0.746246 0.928137 0.022425 0.017026
0 0.724251 0.910259 0.022425 0.018048
0 0.765221 0.891530 0.022425 0.018729
0 0.776218 0.871269 0.029757 0.016345
0 0.781393 0.852540 0.027169 0.017707
0 0.785059 0.832789 0.021563 0.017026
0 0.805112 0.814401 0.025444 0.016345
0 0.831203 0.793288 0.026738 0.016345
0 0.828400 0.773878 0.027169 0.018388
0 0.851472 0.752936 0.029325 0.017367
0 0.863332 0.732675 0.028032 0.017707
0 0.880582 0.711902 0.030619 0.020432
0 0.885757 0.689598 0.029757 0.020772
0 0.881876 0.667804 0.028032 0.020091
0 0.889854 0.645500 0.031050 0.021794
0 0.895676 0.622344 0.028894 0.019751
0 0.888992 0.599018 0.032776 0.021453
0 0.883385 0.575522 0.022425 0.022815
0 0.906457 0.552025 0.028894 0.020091
0 0.870879 0.528870 0.036226 0.022134
0 0.879073 0.503671 0.033638 0.020091
0 0.903007 0.478472 0.031482 0.022815
0 0.895029 0.454465 0.036226 0.023837
0 0.899342 0.428414 0.031913 0.020091
0 0.955621 0.406450 0.028894 0.023837
0 0.941389 0.377846 0.032344 0.025199
0 0.961874 0.351626 0.032776 0.025880
