0 0.431279 0.421513 0.035341 0.022099
0 0.421362 0.780853 0.028548 0.016780
0 0.439733 0.483358 0.032582 0.021019
0 0.436848 0.638948 0.031058 0.017536
0 0.441459 0.619937 0.031100 0.018867
0 0.438033 0.601504 0.032963 0.019509
0 0.425040 0.562323 0.030965 0.019720
0 0.439854 0.399445 0.031477 0.020528
0 0.501539 0.212440 0.035341 0.022832
0 0.409789 0.829670 0.026354 0.016387
0 0.411533 0.845668 0.024217 0.016529
0 0.410128 0.797256 0.023555 0.015910
0 0.429040 0.503628 0.033641 0.021318
0 0.422579 0.443023 0.032290 0.020856
0 0.422075 0.524644 0.030394 0.018873
0 0.487380 0.286281 0.032962 0.022449
0 0.434065 0.378725 0.029819 0.021959
0 0.427810 0.463199 0.027972 0.018809
0 0.430026 0.763340 0.029736 0.017309
0 0.408883 0.862722 0.023953 0.017535
0 0.410078 0.813657 0.024517 0.016977
0 0.446884 0.746208 0.029913 0.017823
0 0.447866 0.728470 0.025320 0.017320
0 0.424140 0.657033 0.028995 0.017622
0 0.505161 0.237466 0.033275 0.023700
0 0.413348 0.925637 0.017082 0.015369
0 0.403481 0.879001 0.024595 0.015538
0 0.485174 0.310087 0.036904 0.022872
0 0.507017 0.262512 0.038920 0.023573
0 0.426884 0.582149 0.030710 0.019283
0 0.491571 0.332456 0.034446 0.021636
0 0.402633 0.894034 0.022522 0.016845
0 0.397192 0.909649 0.022611 0.015886
0 0.412369 0.955903 0.021233 0.015823
0 0.411029 0.940427 0.023511 0.015695
0 0.406148 0.970748 0.019322 0.014807
0 0.434700 0.675159 0.029748 0.018146
0 0.447135 0.710815 0.026668 0.017974
0 0.514539 0.187137 0.041508 0.024068
0 0.500585 0.109865 0.031035 0.025967
0 0.439104 0.692859 0.031718 0.018150
0 0.421289 0.542991 0.030000 0.019389
0 0.493591 0.356951 0.036201 0.027377
0 0.406041 0.982243 0.024342 0.006546
0 0.507561 0.161567 0.033639 0.026060
0 0.502613 0.135246 0.035618 0.025887
0 0.493970 0.080615 0.037376 0.026117
