0 0.534637 0.251769 0.031689 0.026370
0 0.477682 0.261487 0.027611 0.017294
0 0.533657 0.286258 0.038264 0.028141
0 0.502504 0.383372 0.029420 0.017455
0 0.540482 0.395875 0.023786 0.014734
0 0.459556 0.566563 0.024241 0.013228
0 0.455643 0.578476 0.031559 0.013006
0 0.451398 0.590963 0.023921 0.012261
0 0.444500 0.602908 0.019981 0.011477
0 0.424444 0.627989 0.016719 0.011664
0 0.575736 0.651452 0.025916 0.012863
0 0.568183 0.664279 0.021701 0.012485
0 0.563316 0.690707 0.026300 0.016846
0 0.505629 0.698364 0.018195 0.012122
0 0.499435 0.709743 0.021863 0.011043
0 0.492353 0.719200 0.018562 0.012272
0 0.491278 0.732301 0.016532 0.012028
0 0.492014 0.744147 0.019740 0.012712
0 0.515100 0.775561 0.021588 0.010250
0 0.509203 0.787830 0.020504 0.012066
0 0.492639 0.819945 0.015578 0.011709
0 0.493139 0.829870 0.012387 0.011057
0 0.493591 0.839524 0.020456 0.010192
0 0.441033 0.850222 0.019670 0.011359
0 0.422284 0.860250 0.010032 0.011004
0 0.435225 0.870336 0.015595 0.010548
0 0.428690 0.890779 0.020620 0.010397
0 0.423391 0.950955 0.012045 0.010443
0 0.512877 0.352551 0.018743 0.012206
0 0.520992 0.338286 0.019515 0.014799
0 0.523891 0.307848 0.024539 0.012511
0 0.510655 0.321808 0.020482 0.015410
0 0.509399 0.366282 0.021061 0.015867
0 0.580319 0.409730 0.018287 0.012669
0 0.583165 0.424033 0.031226 0.016483
0 0.581009 0.438950 0.025188 0.014167
0 0.569191 0.450938 0.020185 0.013622
0 0.564619 0.461631 0.020702 0.012124
0 0.564878 0.477502 0.020530 0.014712
0 0.567984 0.490239 0.022255 0.012396
0 0.565223 0.503316 0.019495 0.014304
0 0.505073 0.515386 0.022906 0.012539
0 0.503527 0.527592 0.027122 0.012317
0 0.502613 0.541240 0.022766 0.011873
0 0.501208 0.552947 0.026981 0.012428
0 0.436396 0.614789 0.017144 0.012650
0 0.579182 0.639954 0.023766 0.010812
0 0.562914 0.676164 0.020939 0.011762
0 0.519253 0.754725 0.018730 0.010315
0 0.517207 0.765164 0.021563 0.010315
0 0.506245 0.798556 0.019815 0.009543
0 0.503083 0.807988 0.019955 0.009321
0 0.433873 0.880391 0.019533 0.009654
0 0.417360 0.901474 0.015458 0.010985
0 0.408929 0.910962 0.015458 0.008655
0 0.407242 0.920727 0.019112 0.010209
0 0.405767 0.929937 0.022625 0.009543
0 0.402254 0.940256 0.020939 0.010652
0 0.438932 0.960784 0.013350 0.009765
0 0.433240 0.969828 0.014334 0.008766
0 0.417852 0.979704 0.014193 0.008988
0 0.416798 0.988137 0.014615 0.008322
0 0.404081 0.996870 0.013912 0.006260
