0 0.449433 0.691655 0.026069 0.020232
0 0.423209 0.732367 0.025564 0.018083
0 0.402399 0.752675 0.024405 0.018999
0 0.439680 0.773721 0.026457 0.019345
0 0.431248 0.793806 0.024257 0.017225
0 0.404330 0.813279 0.026772 0.018332
0 0.408553 0.832599 0.032119 0.017859
0 0.393121 0.870863 0.022568 0.018050
0 0.396938 0.889885 0.022127 0.017893
0 0.393901 0.908192 0.018045 0.016620
0 0.369912 0.926579 0.026829 0.017179
0 0.356818 0.944647 0.020680 0.016961
0 0.474174 0.711020 0.026147 0.019686
0 0.399970 0.852477 0.023646 0.020177
0 0.382235 0.963299 0.017925 0.018370
0 0.388633 0.977547 0.018242 0.010323
