0 0.521785 0.810831 0.027063 0.016484
0 0.521147 0.609232 0.040455 0.018657
0 0.546231 0.589903 0.047476 0.021590
0 0.522242 0.893992 0.026185 0.016383
0 0.625137 0.511034 0.041772 0.020992
0 0.547775 0.926166 0.027267 0.016235
0 0.515946 0.628068 0.041405 0.018227
0 0.558704 0.792872 0.039332 0.018490
0 0.510001 0.685675 0.029392 0.018394
0 0.530114 0.957653 0.032830 0.015573
0 0.562616 0.775512 0.032156 0.015861
0 0.525093 0.649268 0.039822 0.021096
0 0.545983 0.910217 0.026893 0.016233
0 0.540467 0.861186 0.030686 0.016463
0 0.544136 0.844429 0.030504 0.016555
0 0.491270 0.666651 0.030625 0.018010
0 0.561702 0.758333 0.034182 0.017539
0 0.531525 0.877651 0.031660 0.016487
0 0.535048 0.827664 0.031101 0.016592
0 0.647886 0.486331 0.046031 0.026417
0 0.552022 0.943035 0.032267 0.016000
0 0.515255 0.973883 0.034769 0.017094
0 0.546218 0.568168 0.037795 0.020964
0 0.515329 0.989561 0.027695 0.014153
0 0.607461 0.549662 0.041553 0.024813
0 0.571920 0.703633 0.022353 0.018830
0 0.574277 0.722079 0.021367 0.016989
0 0.582047 0.741228 0.050663 0.018025
0 0.606175 0.528401 0.044542 0.016252
0 0.654435 0.463966 0.035812 0.018225
0 0.656190 0.442071 0.042715 0.021989
