0 0.779789 0.853255 0.026119 0.018065
0 0.724150 0.909676 0.020378 0.016494
0 0.785851 0.833881 0.028040 0.018398
0 0.879092 0.711300 0.031167 0.019385
0 0.865169 0.732303 0.028231 0.019360
0 0.897067 0.621308 0.028423 0.019845
0 0.743081 0.981353 0.014597 0.010740
0 0.774047 0.872680 0.029427 0.018036
0 0.828664 0.774292 0.026248 0.019377
0 0.761799 0.891076 0.022691 0.016290
0 0.754431 0.947242 0.020076 0.017066
0 0.888963 0.645774 0.031168 0.021433
0 0.829023 0.793963 0.024385 0.018168
0 0.898246 0.429002 0.031168 0.022903
0 0.812094 0.813323 0.019562 0.016657
0 0.746778 0.929190 0.022368 0.018091
0 0.760061 0.964948 0.023563 0.017220
0 0.848937 0.753819 0.037349 0.020387
0 0.882584 0.689271 0.027323 0.020387
0 0.881331 0.666806 0.026821 0.019397
0 0.885505 0.598832 0.030639 0.021412
0 0.880399 0.575334 0.035921 0.022802
0 0.900120 0.551976 0.033104 0.021690
0 0.865079 0.528618 0.030639 0.023915
0 0.879694 0.502339 0.036625 0.023080
0 0.893077 0.477452 0.030286 0.023358
0 0.891668 0.453120 0.037330 0.024193
0 0.950128 0.409184 0.042964 0.033091
0 0.947225 0.369606 0.032837 0.021574
