0 0.381814 0.618723 0.032329 0.017937
0 0.455161 0.458863 0.035429 0.020195
0 0.400413 0.561024 0.031140 0.018737
0 0.467269 0.415441 0.031406 0.021419
0 0.374493 0.637433 0.031667 0.017497
0 0.359795 0.674763 0.030782 0.018530
0 0.464457 0.436187 0.030234 0.021642
0 0.393922 0.580051 0.031047 0.018153
0 0.410056 0.521688 0.027989 0.021429
0 0.369764 0.655539 0.029068 0.019114
0 0.413728 0.745809 0.028699 0.017781
0 0.408956 0.814172 0.023275 0.016263
0 0.450526 0.479912 0.027195 0.019990
0 0.414607 0.762923 0.026524 0.017745
0 0.388394 0.599733 0.029593 0.019164
0 0.352105 0.693209 0.030198 0.017818
0 0.413244 0.780557 0.031445 0.016976
0 0.441454 0.910644 0.021007 0.014138
0 0.407784 0.541782 0.029716 0.018248
0 0.405577 0.797279 0.023551 0.016568
0 0.414525 0.830233 0.023673 0.016740
0 0.469809 0.392387 0.031026 0.021649
0 0.450934 0.863353 0.022406 0.016088
0 0.447437 0.879035 0.024436 0.016378
0 0.452491 0.846889 0.017747 0.016323
0 0.321710 0.728465 0.021805 0.017215
0 0.336678 0.710863 0.026949 0.017026
0 0.457317 0.499867 0.033927 0.018343
0 0.453448 0.352652 0.034522 0.021165
0 0.463865 0.372406 0.030356 0.018343
0 0.436783 0.925751 0.021427 0.015991
0 0.435592 0.941507 0.024999 0.014581
0 0.432319 0.957029 0.029166 0.015522
0 0.429342 0.971844 0.025593 0.013170
