0 0.500050 0.665313 0.037744 0.018351
0 0.532616 0.589038 0.036762 0.018909
0 0.504564 0.646347 0.035695 0.017875
0 0.603017 0.908330 0.025684 0.016200
0 0.553913 0.548306 0.039532 0.019177
0 0.556920 0.528093 0.038039 0.020075
0 0.433715 0.739103 0.028916 0.017743
0 0.549470 0.808715 0.031661 0.016821
0 0.519914 0.626527 0.039410 0.017516
0 0.562947 0.842480 0.029725 0.016976
0 0.591841 0.955756 0.031754 0.015555
0 0.527691 0.607881 0.038572 0.018013
0 0.596489 0.939965 0.027864 0.015897
0 0.599317 0.924475 0.029367 0.015784
0 0.552398 0.825641 0.032625 0.016704
0 0.547026 0.568529 0.040996 0.019362
0 0.610249 0.892407 0.030568 0.016190
0 0.614443 0.859145 0.026067 0.016842
0 0.615095 0.464757 0.040930 0.020169
0 0.610587 0.875881 0.027528 0.016217
0 0.457465 0.721501 0.034483 0.016902
0 0.623617 0.506412 0.038210 0.020104
0 0.476896 0.702835 0.040184 0.018140
0 0.557604 0.756642 0.032269 0.017365
0 0.487526 0.684059 0.030091 0.017414
0 0.587915 0.971292 0.028410 0.015788
0 0.583942 0.987044 0.028657 0.015192
0 0.633673 0.399965 0.047083 0.021296
0 0.560704 0.792015 0.038636 0.017847
0 0.614175 0.485239 0.037618 0.020106
0 0.563553 0.774231 0.030980 0.016644
0 0.631069 0.421559 0.040780 0.020909
0 0.637876 0.377488 0.037160 0.021284
0 0.619657 0.354456 0.029715 0.021717
0 0.622979 0.443424 0.042120 0.021283
