0 0.624834 0.111767 0.020378 0.017881
0 0.626559 0.130372 0.020791 0.015707
0 0.624606 0.147515 0.024019 0.018300
0 0.627542 0.165510 0.024233 0.015767
0 0.623676 0.181043 0.018454 0.014470
0 0.615994 0.197059 0.024917 0.016831
0 0.607882 0.214849 0.030027 0.017030
0 0.595653 0.233613 0.030490 0.019068
0 0.464376 0.246308 0.023033 0.016190
0 0.524601 0.263042 0.023369 0.016121
0 0.519528 0.278936 0.027416 0.016520
0 0.511141 0.295288 0.024863 0.016397
0 0.504725 0.310600 0.024744 0.014472
0 0.505333 0.325619 0.025040 0.015563
0 0.502316 0.340330 0.023007 0.013848
0 0.495583 0.355497 0.021270 0.015418
0 0.492488 0.369947 0.021219 0.014790
0 0.526970 0.384751 0.019294 0.015263
0 0.570466 0.414044 0.021230 0.013898
0 0.568198 0.428647 0.021728 0.013503
0 0.563158 0.441141 0.024745 0.013489
0 0.558058 0.454650 0.022738 0.013092
0 0.557786 0.468655 0.025159 0.013804
0 0.554681 0.482238 0.021791 0.013357
0 0.550101 0.497682 0.024639 0.016612
0 0.490527 0.508155 0.022572 0.013927
0 0.488736 0.520191 0.022710 0.011898
0 0.491574 0.533591 0.022642 0.013587
0 0.493712 0.549766 0.021348 0.017093
0 0.448205 0.559186 0.022763 0.014161
0 0.447232 0.570372 0.022022 0.011941
0 0.442564 0.583865 0.022860 0.012892
0 0.434025 0.595605 0.022867 0.010853
0 0.423844 0.608406 0.026701 0.014225
0 0.414362 0.621607 0.020075 0.012556
0 0.563831 0.645025 0.025896 0.011577
0 0.553908 0.685478 0.022356 0.015857
0 0.485145 0.714967 0.021369 0.012624
0 0.509566 0.750758 0.014294 0.013173
0 0.510505 0.762377 0.016437 0.010327
0 0.505439 0.773240 0.016701 0.011931
0 0.493956 0.805325 0.019290 0.010903
0 0.488669 0.838174 0.015823 0.011596
0 0.416960 0.857604 0.014914 0.011195
0 0.430379 0.868135 0.012394 0.011304
0 0.417123 0.948403 0.013238 0.010828
0 0.568559 0.399883 0.019563 0.012893
0 0.567617 0.634046 0.018409 0.011096
0 0.556339 0.658115 0.016442 0.012095
0 0.554793 0.670654 0.022344 0.012539
0 0.487372 0.703879 0.020658 0.010542
0 0.500371 0.692949 0.020798 0.011096
0 0.484070 0.726627 0.025857 0.010985
0 0.485616 0.738000 0.020517 0.011318
0 0.502702 0.783504 0.020096 0.009987
0 0.498908 0.793379 0.019815 0.010874
0 0.484033 0.816388 0.017690 0.009603
0 0.486797 0.826864 0.017911 0.009952
0 0.437549 0.845918 0.019955 0.009987
0 0.421905 0.877589 0.017566 0.009876
0 0.420992 0.887299 0.023047 0.009321
0 0.413333 0.897008 0.018690 0.007878
0 0.402934 0.907771 0.014755 0.009432
0 0.404761 0.918202 0.014193 0.010542
0 0.402653 0.928466 0.016723 0.009543
0 0.400123 0.938175 0.017285 0.010320
0 0.432957 0.958324 0.017285 0.010652
0 0.429092 0.967922 0.017988 0.008322
0 0.415531 0.977354 0.016723 0.010098
0 0.410402 0.986841 0.020798 0.009765
0 0.397473 0.996139 0.014615 0.007722
