0 0.422625 0.682542 0.010298 0.013763
0 0.465407 0.699775 0.013176 0.021182
0 0.455261 0.709468 0.007119 0.011609
0 0.464953 0.721375 0.008026 0.011727
0 0.478886 0.734839 0.010450 0.013763
0 0.457003 0.746865 0.010298 0.011250
0 0.571420 0.762125 0.011965 0.017353
0 0.491154 0.774510 0.011965 0.016516
0 0.387414 0.784144 0.014690 0.011848
0 0.431787 0.795572 0.012267 0.011967
0 0.449809 0.807301 0.008934 0.011250
0 0.535527 0.819387 0.009238 0.011727
0 0.538858 0.833569 0.011358 0.015917
0 0.409903 0.843262 0.014236 0.011368
0 0.469042 0.854871 0.009238 0.011368
0 0.482369 0.868454 0.009844 0.014839
0 0.409298 0.877429 0.012721 0.011010
0 0.447462 0.889336 0.013630 0.011129
0 0.445038 0.900346 0.011207 0.010172
0 0.443070 0.910997 0.010601 0.010411
0 0.439890 0.924461 0.013025 0.013642
0 0.408086 0.933914 0.010298 0.010532
0 0.432695 0.944206 0.012267 0.010771
0 0.430576 0.955097 0.011965 0.011250
0 0.427168 0.965807 0.011813 0.010172
0 0.426107 0.975202 0.011510 0.009573
