0 0.508487 0.319796 0.018703 0.013590
0 0.509966 0.334581 0.022956 0.015080
0 0.501603 0.348864 0.018976 0.013439
0 0.502059 0.362850 0.025713 0.013815
0 0.504416 0.390789 0.025866 0.014104
0 0.499108 0.405457 0.021499 0.015085
0 0.538215 0.459023 0.021722 0.015965
0 0.530494 0.510207 0.022970 0.013925
0 0.530218 0.525086 0.025346 0.015785
0 0.457450 0.559769 0.020300 0.013640
0 0.450900 0.595671 0.018765 0.013396
0 0.441160 0.643542 0.017791 0.012093
0 0.440823 0.654613 0.018666 0.013277
0 0.441088 0.666010 0.018985 0.012696
0 0.439312 0.688649 0.018724 0.011996
0 0.441327 0.700955 0.016385 0.012346
0 0.448028 0.756284 0.010605 0.010937
0 0.428717 0.819582 0.014095 0.011056
0 0.419759 0.850714 0.013864 0.011424
0 0.420133 0.859765 0.013979 0.011040
0 0.420523 0.870164 0.013935 0.010024
0 0.421024 0.879860 0.012643 0.011555
0 0.423523 0.938354 0.011028 0.010011
0 0.506098 0.288996 0.020631 0.014576
0 0.506234 0.304215 0.031218 0.015433
0 0.496597 0.376880 0.021174 0.013290
0 0.563920 0.417393 0.021717 0.011146
0 0.557541 0.446223 0.029047 0.010503
0 0.560119 0.432397 0.026061 0.012861
0 0.555505 0.471624 0.020088 0.011146
0 0.540981 0.484056 0.019817 0.012432
0 0.540303 0.496810 0.026603 0.010503
0 0.447462 0.533678 0.019545 0.010932
0 0.467143 0.545682 0.017645 0.011361
0 0.459135 0.571833 0.019002 0.010075
0 0.443118 0.582979 0.017917 0.011361
0 0.450855 0.608487 0.018188 0.010075
0 0.444069 0.619741 0.014931 0.012004
0 0.441218 0.631101 0.015745 0.011575
0 0.439861 0.677401 0.022260 0.010289
0 0.443254 0.711805 0.016016 0.009217
0 0.441761 0.722201 0.016831 0.011146
0 0.438504 0.734312 0.014659 0.010932
0 0.437146 0.744815 0.017374 0.008788
0 0.436875 0.766572 0.019002 0.009003
0 0.435382 0.777503 0.015473 0.010289
0 0.427102 0.787685 0.015202 0.010503
0 0.423437 0.797974 0.017102 0.009646
0 0.424116 0.809013 0.017374 0.010289
0 0.419637 0.828519 0.013302 0.010289
0 0.422894 0.839022 0.026875 0.009431
0 0.408394 0.889918 0.012487 0.008360
0 0.418167 0.900314 0.013030 0.009431
0 0.427532 0.909960 0.013302 0.009003
0 0.427668 0.919392 0.013030 0.009431
0 0.440020 0.929145 0.012216 0.009217
0 0.418846 0.949079 0.014388 0.008788
0 0.422510 0.958082 0.011944 0.008360
0 0.401200 0.967406 0.012759 0.009431
0 0.407716 0.977481 0.013302 0.009431
