0 0.545438 0.904897 0.035124 0.016270
0 0.578505 0.502409 0.037839 0.020303
0 0.598842 0.623015 0.037742 0.019043
0 0.544946 0.888912 0.031037 0.015864
0 0.555472 0.952766 0.029427 0.015244
0 0.554311 0.872582 0.034162 0.016056
0 0.570845 0.523173 0.039340 0.019970
0 0.592054 0.603336 0.038838 0.019389
0 0.541862 0.920726 0.031601 0.016282
0 0.560320 0.856086 0.035961 0.016917
0 0.558373 0.968307 0.032096 0.015770
0 0.604583 0.717236 0.036728 0.018151
0 0.555949 0.822553 0.032603 0.016854
0 0.559787 0.937167 0.028331 0.015728
0 0.589809 0.642826 0.040673 0.018301
0 0.577666 0.564096 0.038152 0.019739
0 0.566996 0.789172 0.034255 0.016632
0 0.578750 0.583479 0.038514 0.018366
0 0.557231 0.805871 0.033363 0.016836
0 0.550613 0.983667 0.029901 0.015327
0 0.604702 0.735746 0.034288 0.017270
0 0.555497 0.839200 0.032930 0.016417
0 0.572560 0.543921 0.041634 0.019313
0 0.586451 0.680367 0.032601 0.017808
0 0.574496 0.661683 0.035053 0.017877
0 0.595309 0.698963 0.033588 0.017775
0 0.582318 0.771706 0.039691 0.018266
0 0.604600 0.753449 0.041205 0.018162
0 0.549647 0.996201 0.037013 0.007599
