0 0.583027 0.192742 0.039622 0.030510
0 0.565373 0.222875 0.035979 0.027494
0 0.548970 0.251321 0.039126 0.027431
0 0.524958 0.280283 0.036179 0.025959
0 0.500482 0.308295 0.031541 0.025511
0 0.511909 0.334525 0.040608 0.024608
0 0.504970 0.362038 0.036092 0.023896
0 0.486689 0.387780 0.031659 0.024703
0 0.484388 0.413590 0.033807 0.022618
0 0.468967 0.438691 0.035317 0.022811
0 0.445711 0.462773 0.030789 0.023349
0 0.435121 0.486701 0.029329 0.021997
0 0.432164 0.510665 0.032026 0.023733
0 0.507155 0.558412 0.030748 0.021663
0 0.510365 0.579377 0.027458 0.017436
0 0.466200 0.603557 0.028449 0.020603
0 0.452505 0.626435 0.030496 0.021491
0 0.447036 0.648246 0.029540 0.020292
0 0.437875 0.669734 0.028742 0.019865
0 0.446933 0.691215 0.027296 0.019941
0 0.473740 0.712335 0.026542 0.019052
0 0.421089 0.732827 0.025715 0.017867
0 0.399753 0.752899 0.025155 0.018898
0 0.437793 0.773951 0.027264 0.019821
0 0.429632 0.793714 0.024102 0.017173
0 0.402007 0.813364 0.024649 0.018320
0 0.406153 0.832636 0.030706 0.017918
0 0.394491 0.852002 0.025195 0.018436
0 0.390249 0.870768 0.024368 0.017153
0 0.395414 0.889325 0.021254 0.017252
0 0.393172 0.907742 0.017010 0.016671
0 0.355067 0.944645 0.019708 0.017003
0 0.516232 0.535216 0.026901 0.022586
0 0.368774 0.926154 0.023995 0.016842
0 0.380045 0.962134 0.022784 0.016459
0 0.390830 0.977254 0.020117 0.010335
