0 0.899533 0.643170 0.030283 0.021800
0 0.904804 0.687337 0.032362 0.021282
0 0.929956 0.813815 0.029086 0.019074
0 0.929615 0.833055 0.029844 0.018169
0 0.961808 0.475542 0.031523 0.023432
0 0.933561 0.929223 0.027239 0.018041
0 0.930813 0.730663 0.030815 0.020551
0 0.937821 0.947750 0.027239 0.017373
0 0.938847 0.751568 0.030413 0.019979
0 0.928901 0.852124 0.028993 0.017649
0 0.940829 0.793492 0.030398 0.019229
0 0.957995 0.773236 0.032020 0.019725
0 0.915391 0.871867 0.031227 0.018884
0 0.911585 0.619901 0.030468 0.021306
0 0.925998 0.966030 0.026866 0.017864
0 0.890350 0.665534 0.032459 0.020727
0 0.907210 0.891337 0.026200 0.018000
0 0.958856 0.400656 0.033966 0.025237
0 0.923885 0.452549 0.033677 0.021411
0 0.973088 0.426926 0.034924 0.023089
0 0.953568 0.373334 0.040998 0.026394
0 0.941569 0.595847 0.041769 0.020469
0 0.955411 0.549687 0.045109 0.021403
0 0.974993 0.525943 0.050014 0.023235
0 0.933069 0.573845 0.033148 0.022761
0 0.965990 0.709876 0.045433 0.019793
0 0.957399 0.910856 0.028928 0.018373
0 0.919115 0.985297 0.033900 0.018033
