0 0.937058 0.832758 0.030083 0.018955
0 0.936770 0.813076 0.030621 0.019454
0 0.953441 0.549663 0.033917 0.023471
0 0.918596 0.619814 0.032131 0.021341
0 0.939968 0.948281 0.027922 0.017669
0 0.963376 0.773071 0.035672 0.020125
0 0.929195 0.966458 0.026916 0.018508
0 0.907382 0.687358 0.027903 0.020776
0 0.936527 0.929621 0.025533 0.018144
0 0.946719 0.793317 0.030840 0.019322
0 0.940554 0.573109 0.030446 0.022350
0 0.913559 0.891557 0.028651 0.018231
0 0.896497 0.664765 0.027516 0.019547
0 0.922159 0.872111 0.030193 0.018697
0 0.930206 0.450004 0.035735 0.023308
0 0.972706 0.525684 0.039488 0.022528
0 0.940409 0.729325 0.027778 0.018659
0 0.967207 0.473692 0.028861 0.022341
0 0.953832 0.911181 0.042025 0.018528
0 0.989233 0.502205 0.021534 0.024976
0 0.910353 0.643542 0.036601 0.021661
0 0.937193 0.852613 0.034320 0.018975
0 0.946455 0.751376 0.032805 0.020321
0 0.968031 0.708655 0.036826 0.021520
0 0.918328 0.987037 0.032047 0.018631
0 0.947253 0.596494 0.040499 0.020300
0 0.963586 0.423335 0.061510 0.027129
0 0.958598 0.394894 0.043777 0.024503
0 0.964971 0.355951 0.049873 0.039380
