0 0.408213 0.686307 0.018961 0.017123
0 0.420648 0.704403 0.016252 0.017123
0 0.422619 0.722111 0.017237 0.017513
0 0.421880 0.739818 0.019700 0.018290
0 0.424219 0.757817 0.019453 0.017318
0 0.423480 0.775233 0.016991 0.017123
0 0.422988 0.792161 0.017976 0.015566
0 0.425819 0.808409 0.016744 0.016929
0 0.424465 0.825435 0.017483 0.016734
0 0.426682 0.841780 0.018468 0.017123
0 0.440471 0.858904 0.019453 0.015955
0 0.437763 0.874860 0.018961 0.015177
0 0.436285 0.890525 0.016498 0.016150
0 0.441948 0.906870 0.020438 0.015761
0 0.424588 0.921561 0.019700 0.016345
0 0.408952 0.937030 0.016498 0.015371
0 0.410675 0.952208 0.020931 0.014205
0 0.396885 0.967775 0.015021 0.014983
0 0.398609 0.981363 0.020438 0.008303
