0 0.562811 0.277212 0.027501 0.016026
0 0.561115 0.292628 0.030788 0.016098
0 0.558357 0.309175 0.027841 0.017221
0 0.549989 0.353310 0.027213 0.015386
0 0.548822 0.368142 0.033240 0.014516
0 0.541536 0.386221 0.025275 0.020604
0 0.581182 0.414066 0.031964 0.025421
0 0.575271 0.435642 0.026865 0.014205
0 0.571693 0.449886 0.028308 0.015185
0 0.563282 0.470156 0.031250 0.024939
0 0.563664 0.490586 0.022236 0.012622
0 0.500162 0.515572 0.021150 0.012593
0 0.498160 0.528315 0.020840 0.012752
0 0.503150 0.541694 0.016663 0.013052
0 0.501085 0.556594 0.024366 0.017070
0 0.457878 0.565390 0.019830 0.013525
0 0.453293 0.578318 0.023946 0.012292
0 0.449135 0.590076 0.020559 0.011308
0 0.441774 0.603219 0.024991 0.013219
0 0.431478 0.615829 0.023114 0.013227
0 0.425446 0.627202 0.015097 0.010588
0 0.565426 0.664810 0.022792 0.013930
0 0.561207 0.676036 0.020186 0.011389
0 0.505400 0.697473 0.026988 0.012037
0 0.497082 0.709402 0.019655 0.011754
0 0.491313 0.720792 0.018495 0.011596
0 0.490426 0.743740 0.014372 0.013028
0 0.511791 0.775868 0.019333 0.010415
0 0.421562 0.859888 0.011273 0.011003
0 0.434221 0.870719 0.015797 0.010925
0 0.572174 0.244140 0.032799 0.017467
0 0.566072 0.260101 0.028985 0.013853
0 0.555774 0.327559 0.030511 0.016262
0 0.559984 0.503350 0.026316 0.012949
0 0.575755 0.639577 0.014479 0.011068
0 0.573291 0.651193 0.018176 0.010947
0 0.562300 0.686376 0.019910 0.009398
0 0.489935 0.731295 0.021079 0.010652
0 0.517576 0.754219 0.017831 0.010560
0 0.515718 0.764877 0.020060 0.011538
0 0.509348 0.787447 0.015202 0.010757
0 0.504511 0.797892 0.013425 0.010445
0 0.502339 0.808727 0.014610 0.009977
0 0.492073 0.818548 0.017374 0.010289
0 0.490395 0.829773 0.019546 0.009666
0 0.493159 0.838893 0.015992 0.006703
0 0.442616 0.849104 0.014807 0.009042
0 0.428401 0.881140 0.017966 0.011069
0 0.427809 0.891118 0.011649 0.008886
0 0.417937 0.899692 0.015992 0.008886
0 0.406091 0.910682 0.017177 0.009666
0 0.409744 0.920971 0.015400 0.009666
0 0.407177 0.931105 0.012636 0.009042
0 0.405104 0.940848 0.012438 0.008886
0 0.424452 0.950202 0.012833 0.009510
0 0.439062 0.960413 0.013228 0.009042
0 0.434620 0.969299 0.011451 0.007483
0 0.419220 0.979510 0.016189 0.009510
0 0.416358 0.988552 0.012438 0.007951
0 0.404018 0.996653 0.014215 0.006693
