0 0.896534 0.428449 0.037897 0.023611
0 0.779015 0.853261 0.027634 0.018983
0 0.884725 0.598432 0.034077 0.022635
0 0.896259 0.453466 0.036669 0.022707
0 0.784074 0.833832 0.027153 0.018562
0 0.808444 0.814873 0.034550 0.020601
0 0.755564 0.966543 0.031572 0.018493
0 0.882036 0.503365 0.036566 0.024755
0 0.752990 0.948081 0.026809 0.018878
0 0.825915 0.793904 0.031898 0.019449
0 0.896894 0.478450 0.046531 0.023378
0 0.743259 0.929104 0.027113 0.019626
0 0.773533 0.872722 0.029938 0.019639
0 0.825621 0.773994 0.029412 0.019190
0 0.721819 0.909823 0.025123 0.017847
0 0.892424 0.622879 0.038448 0.023144
0 0.888266 0.575512 0.037368 0.021333
0 0.889885 0.645075 0.030881 0.021188
0 0.903875 0.551322 0.046398 0.021145
0 0.881387 0.688953 0.036407 0.021093
0 0.880142 0.667568 0.031235 0.020999
0 0.759156 0.893248 0.030193 0.020734
0 0.986339 0.321057 0.023099 0.021076
0 0.862176 0.732270 0.029841 0.020428
0 0.877279 0.711070 0.032666 0.021180
0 0.938386 0.377871 0.043850 0.025100
0 0.736809 0.985704 0.029378 0.019873
0 0.844990 0.753408 0.041752 0.020594
0 0.863563 0.529800 0.026989 0.020895
0 0.954444 0.411396 0.036904 0.038307
0 0.958851 0.353066 0.036904 0.023506
