0 0.536860 0.392875 0.016323 0.014779
0 0.573883 0.435278 0.025234 0.014963
0 0.567797 0.449497 0.026117 0.014280
0 0.559705 0.462799 0.024474 0.013609
0 0.560719 0.475708 0.022783 0.013095
0 0.563032 0.489394 0.023957 0.013601
0 0.501025 0.539921 0.019325 0.011522
0 0.453264 0.575701 0.019809 0.013770
0 0.448798 0.589627 0.020554 0.012693
0 0.440795 0.601204 0.027312 0.011865
0 0.430633 0.614480 0.025556 0.014789
0 0.423541 0.625915 0.015683 0.011381
0 0.573429 0.650693 0.020056 0.012283
0 0.564668 0.663401 0.021119 0.012246
0 0.559610 0.674880 0.020068 0.011820
0 0.506843 0.696550 0.025411 0.012061
0 0.495876 0.708812 0.018109 0.011712
0 0.490342 0.730399 0.017918 0.011234
0 0.489182 0.742095 0.015765 0.011607
0 0.516214 0.754150 0.012525 0.012129
0 0.512610 0.774252 0.017296 0.010747
0 0.510026 0.786229 0.019691 0.011825
0 0.419470 0.859752 0.013488 0.011269
0 0.432927 0.870076 0.015410 0.011203
0 0.414973 0.900931 0.018089 0.011270
0 0.409610 0.919145 0.014406 0.010828
0 0.496371 0.513622 0.019390 0.012057
0 0.496614 0.526062 0.017936 0.010526
0 0.499765 0.551516 0.026662 0.010526
0 0.454804 0.563286 0.021087 0.011100
0 0.576492 0.638748 0.021411 0.010825
0 0.562415 0.684952 0.022541 0.007847
0 0.514129 0.763743 0.015458 0.008877
0 0.501659 0.797027 0.020249 0.010513
0 0.499856 0.807102 0.022190 0.009637
0 0.489870 0.818382 0.014978 0.009418
0 0.489177 0.827690 0.018030 0.008761
0 0.494863 0.837546 0.016643 0.007009
0 0.439854 0.847580 0.015258 0.006984
0 0.428796 0.880170 0.013631 0.010098
0 0.426828 0.888936 0.012788 0.006547
0 0.406768 0.909782 0.011523 0.007767
0 0.405887 0.930023 0.013623 0.008886
0 0.404998 0.939533 0.013425 0.009198
0 0.423360 0.949354 0.012636 0.008886
0 0.437081 0.959565 0.016782 0.009977
0 0.430072 0.968217 0.015005 0.007951
0 0.418050 0.979050 0.015037 0.009987
0 0.414466 0.987983 0.015739 0.007878
0 0.403154 0.996460 0.015880 0.007079
0 0.559847 0.502090 0.018269 0.011873
0 0.576639 0.420457 0.032040 0.014647
0 0.575207 0.406284 0.027048 0.012628
