0 0.500193 0.850933 0.025063 0.017160
0 0.366537 0.751250 0.024952 0.017303
0 0.362087 0.768276 0.027047 0.017156
0 0.491018 0.818034 0.030602 0.017006
0 0.414053 0.898724 0.022911 0.015881
0 0.493137 0.801859 0.025086 0.016998
0 0.505158 0.867063 0.024433 0.016182
0 0.435194 0.961461 0.019013 0.014557
0 0.495698 0.834672 0.022514 0.016884
0 0.508654 0.882642 0.021898 0.015810
0 0.292571 0.697933 0.027437 0.018603
0 0.424054 0.930633 0.021347 0.015509
0 0.412216 0.914502 0.029386 0.016387
0 0.297102 0.715659 0.026856 0.016738
0 0.371429 0.733892 0.027991 0.017336
0 0.371618 0.785153 0.022318 0.016440
0 0.430249 0.945516 0.020804 0.015543
0 0.431763 0.975856 0.027613 0.014646
