0 0.610333 0.891457 0.032950 0.015796
0 0.608429 0.755680 0.031456 0.017369
0 0.618111 0.737898 0.033555 0.017398
0 0.586549 0.971177 0.033061 0.015960
0 0.645719 0.791310 0.036353 0.017110
0 0.617157 0.773379 0.027295 0.016525
0 0.628104 0.824768 0.034658 0.016960
0 0.636413 0.807823 0.032932 0.016091
0 0.603303 0.907505 0.033610 0.016109
0 0.623858 0.841439 0.030723 0.015787
0 0.601936 0.923500 0.031389 0.015786
0 0.611859 0.875391 0.032254 0.016570
0 0.619075 0.858029 0.031015 0.016765
0 0.592047 0.955491 0.032783 0.015410
0 0.597611 0.939621 0.026214 0.015736
0 0.619766 0.720014 0.028778 0.017362
0 0.583160 0.986664 0.026877 0.014489
0 0.553321 0.702588 0.041095 0.017544
0 0.556908 0.683710 0.035224 0.017925
0 0.563757 0.664640 0.034572 0.017925
0 0.570607 0.645761 0.037833 0.018307
0 0.571911 0.627455 0.036529 0.018307
