0 0.439102 0.476518 0.034336 0.021343
0 0.407707 0.827100 0.027903 0.016021
0 0.439364 0.391181 0.033807 0.022076
0 0.409554 0.844331 0.029167 0.018054
0 0.446130 0.743087 0.032085 0.017526
0 0.407495 0.861388 0.030072 0.016493
0 0.425797 0.455614 0.033088 0.020785
0 0.417816 0.778207 0.030207 0.017457
0 0.407468 0.811566 0.027795 0.015681
0 0.446856 0.708189 0.032792 0.019333
0 0.406910 0.938794 0.026847 0.014927
0 0.424579 0.653344 0.031850 0.018373
0 0.400595 0.876265 0.027284 0.016032
0 0.408521 0.794902 0.029679 0.017497
0 0.432019 0.671574 0.031870 0.019003
0 0.431331 0.368975 0.031753 0.022246
0 0.445947 0.726210 0.030111 0.016923
0 0.402306 0.969716 0.024574 0.016888
0 0.422486 0.434316 0.032856 0.020940
0 0.400407 0.892533 0.028584 0.016511
0 0.426623 0.761107 0.034782 0.017932
0 0.438788 0.596277 0.032420 0.020107
0 0.433145 0.634517 0.032092 0.018415
0 0.439978 0.615698 0.032795 0.019030
0 0.421682 0.517025 0.031527 0.020426
0 0.486603 0.275211 0.034940 0.023736
0 0.409759 0.954637 0.027499 0.016562
0 0.430894 0.496118 0.034214 0.019759
0 0.438939 0.690003 0.031578 0.018206
0 0.426520 0.576200 0.031111 0.019183
0 0.493329 0.323892 0.033877 0.022878
0 0.409433 0.924606 0.025421 0.016329
0 0.396132 0.907731 0.026008 0.016027
0 0.495606 0.250883 0.033702 0.023817
0 0.424495 0.416143 0.032166 0.018685
0 0.489791 0.347704 0.036162 0.025143
0 0.416684 0.537006 0.026594 0.019848
0 0.425796 0.557340 0.053681 0.018096
0 0.403325 0.982356 0.034942 0.006320
0 0.493701 0.224886 0.048605 0.026405
0 0.490022 0.300143 0.053435 0.022572
