0 0.739400 0.986349 0.031695 0.019743
0 0.756480 0.966467 0.028526 0.018353
0 0.751550 0.945472 0.026413 0.016963
0 0.746620 0.926702 0.031343 0.018353
0 0.720559 0.907931 0.026413 0.015294
0 0.759121 0.890969 0.030991 0.019187
0 0.774793 0.871921 0.026413 0.019465
0 0.778491 0.851621 0.031695 0.018353
0 0.778843 0.832156 0.026060 0.019465
0 0.805079 0.812134 0.032752 0.017241
0 0.822336 0.793642 0.031343 0.019187
0 0.820575 0.773064 0.031343 0.019743
0 0.844698 0.752070 0.032399 0.021690
0 0.860018 0.730936 0.032047 0.021134
0 0.876217 0.709246 0.027117 0.020578
0 0.880619 0.687278 0.030991 0.021690
0 0.875161 0.665727 0.025708 0.021412
0 0.884141 0.644037 0.028878 0.022524
0 0.890304 0.620400 0.032752 0.022524
0 0.887839 0.596486 0.027821 0.022524
0 0.887663 0.570903 0.035921 0.024749
0 0.903334 0.548518 0.029934 0.020578
0 0.867589 0.526132 0.038034 0.024193
0 0.884669 0.499993 0.034865 0.028642
0 0.897876 0.473854 0.033808 0.021968
0 0.896115 0.449661 0.034512 0.023637
0 0.893826 0.426164 0.035569 0.021690
0 0.956335 0.401832 0.035921 0.026417
0 0.933797 0.374303 0.033104 0.028086
0 0.968318 0.348386 0.046123 0.027116
0 0.977474 0.320880 0.040962 0.024503
