0 0.818175 0.553267 0.028226 0.019107
0 0.748317 0.578487 0.030263 0.021558
0 0.764136 0.604127 0.035978 0.023576
0 0.740895 0.625416 0.030688 0.021079
0 0.764735 0.668313 0.024484 0.016802
0 0.800221 0.692340 0.025462 0.020593
0 0.803865 0.713608 0.026370 0.020530
0 0.798123 0.735288 0.028553 0.020206
0 0.792924 0.756356 0.031972 0.019401
0 0.802975 0.776534 0.024161 0.019443
0 0.799693 0.796795 0.029919 0.019718
0 0.787766 0.817805 0.029528 0.018761
0 0.770364 0.837305 0.029010 0.019078
0 0.612952 0.856392 0.028491 0.019665
0 0.604004 0.876009 0.027628 0.018203
0 0.592920 0.894696 0.024432 0.018242
0 0.601085 0.913642 0.028116 0.019247
0 0.599685 0.932660 0.025300 0.017685
0 0.725710 0.952601 0.024855 0.017364
0 0.727129 0.970440 0.028775 0.017958
0 0.873833 0.648873 0.044622 0.021080
0 0.732508 0.988015 0.026056 0.016864
