0 0.532962 0.274836 0.027698 0.016184
0 0.527521 0.290461 0.027479 0.015740
0 0.520020 0.305968 0.029366 0.015889
0 0.512405 0.321415 0.026076 0.015296
0 0.515080 0.336813 0.027050 0.015396
0 0.509466 0.350919 0.023297 0.013776
0 0.503031 0.365235 0.023071 0.014088
0 0.501172 0.380126 0.022911 0.015616
0 0.533840 0.394129 0.024818 0.015755
0 0.578047 0.408559 0.022169 0.012795
0 0.577908 0.422390 0.025604 0.014725
0 0.574927 0.436515 0.022715 0.014210
0 0.566082 0.449873 0.029428 0.013416
0 0.560990 0.463177 0.022358 0.013328
0 0.561124 0.476577 0.021244 0.012563
0 0.563180 0.489841 0.022839 0.013419
0 0.557821 0.507287 0.031059 0.021471
0 0.499575 0.514934 0.024109 0.013565
0 0.498337 0.527791 0.021226 0.012124
0 0.502096 0.540096 0.018922 0.011898
0 0.500807 0.557403 0.029178 0.021570
0 0.447874 0.590230 0.023234 0.012678
0 0.442768 0.599924 0.030999 0.014380
0 0.430838 0.614916 0.025794 0.014852
0 0.423617 0.626301 0.016135 0.011278
0 0.574438 0.639402 0.019907 0.011641
0 0.573249 0.650817 0.021139 0.012736
0 0.564433 0.663758 0.021968 0.012350
0 0.560751 0.675354 0.020950 0.011149
0 0.559999 0.690024 0.023168 0.017204
0 0.505236 0.697298 0.026375 0.012799
0 0.498838 0.708802 0.021826 0.010661
0 0.490527 0.730280 0.018225 0.011045
0 0.489822 0.742442 0.014916 0.012184
0 0.511126 0.775535 0.018889 0.010889
0 0.507154 0.787201 0.015865 0.011060
0 0.438600 0.851750 0.022411 0.015253
0 0.420370 0.859555 0.013881 0.011305
0 0.434248 0.871146 0.017462 0.012046
0 0.420748 0.951272 0.012901 0.011147
0 0.457991 0.563810 0.023617 0.011361
0 0.453919 0.576886 0.021989 0.013075
0 0.491173 0.718879 0.020357 0.010489
0 0.517027 0.753891 0.020360 0.010932
0 0.516077 0.764287 0.023889 0.009431
0 0.504540 0.798369 0.015473 0.010289
0 0.503318 0.808122 0.019002 0.009646
0 0.487980 0.819054 0.014931 0.010075
0 0.486352 0.828807 0.013845 0.010718
0 0.492459 0.838989 0.017917 0.007931
0 0.429730 0.879933 0.014716 0.009740
0 0.428756 0.890101 0.017529 0.008544
0 0.419774 0.900250 0.014334 0.009876
0 0.407829 0.910514 0.012648 0.009321
0 0.406142 0.919946 0.016020 0.009321
0 0.407618 0.930654 0.016161 0.009876
0 0.406002 0.940085 0.015458 0.010098
0 0.436075 0.960503 0.009556 0.009654
0 0.431929 0.969657 0.010540 0.008655
0 0.420336 0.979477 0.012648 0.009654
0 0.415839 0.988410 0.013772 0.008211
0 0.402770 0.996702 0.013772 0.006597
