0 0.682157 0.510287 0.043947 0.019835
0 0.402429 0.725445 0.032211 0.017344
0 0.573135 0.943347 0.031084 0.016289
0 0.631358 0.669719 0.034081 0.017584
0 0.667951 0.530641 0.041714 0.019039
0 0.678894 0.862473 0.031195 0.016654
0 0.692650 0.895098 0.030217 0.015607
0 0.495403 0.761195 0.034311 0.017317
0 0.563721 0.927136 0.038129 0.016143
0 0.397586 0.707461 0.034027 0.017986
0 0.506201 0.743267 0.031825 0.017349
0 0.629900 0.592103 0.040942 0.018807
0 0.632356 0.631299 0.033874 0.018589
0 0.689677 0.879207 0.026990 0.016333
0 0.537275 0.490044 0.041454 0.019765
0 0.630041 0.650871 0.034405 0.018047
0 0.493410 0.778401 0.031353 0.016542
0 0.530759 0.552539 0.040413 0.019377
0 0.498430 0.795158 0.030902 0.016303
0 0.563649 0.911294 0.031028 0.016067
0 0.672976 0.828741 0.029292 0.014922
0 0.531094 0.572517 0.035087 0.018180
0 0.669112 0.812400 0.033392 0.017371
0 0.674573 0.845527 0.031235 0.017120
0 0.586093 0.974078 0.030362 0.015048
0 0.636896 0.447648 0.040406 0.022017
0 0.586354 0.989330 0.036043 0.015207
0 0.583281 0.958770 0.028247 0.014681
0 0.629551 0.687705 0.036835 0.016942
0 0.629598 0.611647 0.034541 0.018460
0 0.585981 0.469573 0.040946 0.019996
0 0.629914 0.696223 0.039707 0.022467
