0 0.534043 0.277270 0.028178 0.017114
0 0.529217 0.292825 0.026997 0.015466
0 0.521893 0.308303 0.026326 0.016104
0 0.512408 0.323407 0.025929 0.014752
0 0.516003 0.338225 0.025767 0.015566
0 0.512197 0.353315 0.023941 0.014109
0 0.502758 0.366044 0.027925 0.015305
0 0.501435 0.382348 0.027834 0.017035
0 0.538001 0.395739 0.016826 0.014730
0 0.579950 0.410686 0.025816 0.015010
0 0.579157 0.424725 0.027666 0.013544
0 0.579768 0.438521 0.025611 0.013656
0 0.568586 0.452151 0.024341 0.014340
0 0.561158 0.465030 0.021448 0.011743
0 0.560879 0.477313 0.022196 0.015126
0 0.563025 0.491873 0.023073 0.013726
0 0.558880 0.506437 0.028501 0.017945
0 0.499784 0.516071 0.021829 0.012815
0 0.498865 0.527935 0.020922 0.014408
0 0.503018 0.541990 0.017659 0.013376
0 0.501041 0.556178 0.024485 0.015995
0 0.459283 0.565245 0.021685 0.013450
0 0.455229 0.578502 0.021454 0.013257
0 0.450749 0.590604 0.020820 0.011424
0 0.442830 0.602500 0.024921 0.012158
0 0.432374 0.615770 0.023340 0.013706
0 0.425750 0.627688 0.016988 0.010927
0 0.567412 0.665011 0.019292 0.013533
0 0.565610 0.675875 0.018655 0.011486
0 0.506849 0.697802 0.023563 0.011893
0 0.497221 0.709562 0.019251 0.011793
0 0.492443 0.721049 0.017804 0.011572
0 0.492749 0.744164 0.014535 0.013247
0 0.512584 0.776620 0.019249 0.011387
0 0.508506 0.787613 0.020224 0.011668
0 0.440864 0.849894 0.016177 0.011601
0 0.421893 0.859861 0.010708 0.011024
0 0.434116 0.870573 0.015175 0.010675
0 0.415446 0.901521 0.019986 0.010924
0 0.423611 0.951117 0.011539 0.010933
0 0.491021 0.731660 0.020602 0.011675
0 0.518168 0.755104 0.021087 0.011483
0 0.513441 0.765439 0.020845 0.010335
0 0.504716 0.798357 0.018906 0.010335
0 0.501807 0.808788 0.019875 0.009761
0 0.491385 0.818931 0.016966 0.009761
0 0.492960 0.828213 0.024480 0.009569
0 0.495626 0.838740 0.016239 0.008038
0 0.429942 0.880940 0.011877 0.009761
0 0.430426 0.890797 0.017209 0.009569
0 0.409340 0.911179 0.015755 0.009378
0 0.408370 0.920461 0.019633 0.008804
0 0.408491 0.930126 0.013573 0.008612
0 0.406189 0.940461 0.013816 0.008995
0 0.438495 0.960528 0.012085 0.008211
0 0.434701 0.969294 0.013491 0.007102
0 0.419313 0.979336 0.013631 0.009432
0 0.415308 0.988879 0.012085 0.007878
0 0.402942 0.996964 0.012085 0.006072
0 0.579711 0.639777 0.017988 0.010763
0 0.574792 0.651262 0.016582 0.011762
0 0.562699 0.686863 0.017988 0.011318
