0 0.535457 0.390357 0.020185 0.015281
0 0.566077 0.446048 0.027625 0.014412
0 0.560244 0.488153 0.031856 0.016282
0 0.500497 0.552196 0.025006 0.015901
0 0.456585 0.564072 0.022503 0.013215
0 0.452318 0.574943 0.026231 0.013506
0 0.449487 0.589028 0.023298 0.013703
0 0.443651 0.601983 0.025416 0.013921
0 0.430565 0.614320 0.027985 0.012915
0 0.423066 0.624568 0.012958 0.011820
0 0.574512 0.638699 0.017382 0.013550
0 0.574104 0.650715 0.015519 0.010305
0 0.564325 0.662158 0.022670 0.011833
0 0.561171 0.672953 0.018216 0.010827
0 0.560733 0.686144 0.019457 0.014707
0 0.507287 0.695967 0.023880 0.013942
0 0.495832 0.708079 0.020274 0.011574
0 0.491270 0.720558 0.021436 0.015701
0 0.489203 0.740559 0.017313 0.012696
0 0.501511 0.795402 0.019467 0.010709
0 0.500485 0.807157 0.022596 0.011704
0 0.418733 0.859231 0.016473 0.012854
0 0.431418 0.868854 0.014773 0.010674
0 0.406474 0.928358 0.017433 0.010712
0 0.403616 0.939281 0.014910 0.011301
0 0.575932 0.404432 0.025235 0.013204
0 0.579276 0.418957 0.021587 0.014885
0 0.576236 0.431801 0.025843 0.012724
0 0.561794 0.459169 0.021283 0.012244
0 0.559970 0.472733 0.024931 0.013924
0 0.557538 0.501182 0.024323 0.011764
0 0.498098 0.511625 0.021587 0.012964
0 0.496730 0.524109 0.027364 0.012004
0 0.497034 0.536833 0.034052 0.013444
0 0.514668 0.752179 0.024323 0.011524
0 0.512540 0.763463 0.027364 0.011524
0 0.510867 0.774026 0.022803 0.011043
0 0.504635 0.784229 0.019459 0.011283
0 0.488217 0.817960 0.018242 0.010083
0 0.491713 0.827442 0.022195 0.009843
0 0.492777 0.837526 0.021891 0.008403
0 0.441090 0.847369 0.020067 0.007922
0 0.430449 0.879298 0.017026 0.008883
0 0.428017 0.887701 0.018242 0.009363
0 0.422392 0.949280 0.015506 0.009603
0 0.435314 0.959363 0.017026 0.009603
0 0.432577 0.968366 0.013986 0.007922
0 0.417983 0.978209 0.015202 0.008883
0 0.413119 0.987212 0.012770 0.008643
0 0.400957 0.996127 0.010945 0.007747
0 0.419878 0.899463 0.012648 0.010652
0 0.406317 0.908895 0.012226 0.008655
0 0.406668 0.918049 0.016863 0.009432
