0 0.376812 0.281230 0.039057 0.023663
0 0.368567 0.306434 0.032982 0.024690
0 0.383105 0.329411 0.031680 0.024690
0 0.379851 0.352559 0.025170 0.022976
0 0.459918 0.372619 0.026473 0.021946
0 0.414134 0.395081 0.038190 0.022290
0 0.420644 0.416514 0.035585 0.023319
0 0.429106 0.437947 0.034284 0.020919
0 0.441908 0.458007 0.034718 0.018518
0 0.414568 0.479441 0.029510 0.022976
0 0.418474 0.500360 0.026038 0.019547
0 0.415436 0.519906 0.036453 0.019547
0 0.400898 0.539453 0.033416 0.018175
0 0.405672 0.560028 0.030812 0.021605
0 0.409360 0.580089 0.028642 0.018518
0 0.442993 0.598780 0.031680 0.019547
0 0.429106 0.617811 0.029076 0.017833
0 0.425417 0.636158 0.027773 0.017490
0 0.431276 0.654675 0.025604 0.017490
0 0.438003 0.672336 0.026907 0.017146
0 0.441277 0.690935 0.023640 0.018874
0 0.452112 0.709128 0.023147 0.019069
0 0.452235 0.727030 0.024871 0.018290
0 0.451250 0.743376 0.023886 0.015177
0 0.429826 0.761958 0.029303 0.018485
0 0.418746 0.779179 0.027333 0.016734
0 0.412712 0.795914 0.021177 0.016734
0 0.414929 0.811967 0.022655 0.015371
0 0.411851 0.828215 0.018468 0.016734
0 0.414560 0.844560 0.022900 0.016734
0 0.412466 0.861099 0.027087 0.016345
0 0.408526 0.876278 0.022162 0.015566
0 0.403108 0.892817 0.022655 0.016345
0 0.402123 0.909065 0.023640 0.014983
0 0.414560 0.924632 0.021915 0.016150
0 0.412712 0.940198 0.021670 0.014983
0 0.413451 0.955279 0.023147 0.014011
0 0.406310 0.971040 0.025117 0.015955
0 0.407541 0.982461 0.037922 0.006108
