0 0.874976 0.706891 0.033973 0.020359
0 0.890627 0.618209 0.036160 0.022956
0 0.887499 0.641026 0.033271 0.020850
0 0.898471 0.470702 0.037705 0.023675
0 0.880760 0.685120 0.033801 0.021229
0 0.879561 0.663234 0.032566 0.021098
0 0.895575 0.418866 0.034232 0.023812
0 0.882435 0.569487 0.034457 0.023768
0 0.895338 0.444231 0.033820 0.023264
0 0.771513 0.870047 0.031652 0.018478
0 0.900170 0.545977 0.037665 0.022227
0 0.782152 0.831077 0.027347 0.018597
0 0.883039 0.594180 0.030157 0.022594
0 0.862351 0.728016 0.033339 0.019821
0 0.865384 0.522072 0.032415 0.022197
0 0.826209 0.770289 0.029776 0.019650
0 0.824906 0.791428 0.035227 0.020783
0 0.777764 0.850550 0.031289 0.019407
0 0.880634 0.494220 0.034368 0.020316
0 0.721238 0.907545 0.026163 0.018091
0 0.939275 0.366374 0.040552 0.026626
0 0.849588 0.749333 0.033285 0.020017
0 0.739111 0.927024 0.027392 0.018005
0 0.758810 0.889103 0.028609 0.018340
0 0.753267 0.963858 0.035205 0.018111
0 0.808083 0.811892 0.030987 0.019215
0 0.750414 0.945390 0.028419 0.018434
0 0.887547 0.568296 0.034129 0.021557
0 0.958681 0.394788 0.037586 0.023114
0 0.736264 0.983985 0.034171 0.020670
0 0.957984 0.337146 0.047268 0.028254
