0 0.572937 0.309010 0.035573 0.027798
0 0.565428 0.332748 0.031621 0.018429
0 0.566811 0.353518 0.027274 0.023738
0 0.568590 0.375694 0.024507 0.021864
0 0.566020 0.397089 0.030435 0.020927
0 0.554755 0.418641 0.030040 0.021551
0 0.538747 0.438163 0.025693 0.017491
0 0.547245 0.458776 0.030831 0.019990
0 0.541712 0.480797 0.025296 0.019678
0 0.537957 0.500630 0.023320 0.018115
0 0.532225 0.520308 0.026878 0.019365
0 0.527087 0.540141 0.026087 0.017803
0 0.526296 0.560131 0.029249 0.017803
0 0.518391 0.580276 0.022925 0.019365
0 0.517205 0.598392 0.025296 0.015616
0 0.514240 0.619163 0.025693 0.018429
0 0.507521 0.636655 0.023320 0.017179
0 0.501000 0.654614 0.027669 0.013743
0 0.497047 0.673198 0.025296 0.017803
0 0.490129 0.692562 0.025693 0.017179
0 0.489339 0.711459 0.031226 0.017491
0 0.482620 0.727857 0.023320 0.016553
0 0.482027 0.746909 0.024507 0.017803
0 0.477671 0.763924 0.023003 0.014940
0 0.480192 0.780856 0.029934 0.016932
0 0.468218 0.798036 0.024893 0.017928
0 0.465854 0.814595 0.024578 0.016683
0 0.461758 0.830905 0.023318 0.016434
0 0.455614 0.846466 0.022372 0.015687
0 0.450572 0.863024 0.021743 0.016932
0 0.448367 0.879209 0.022372 0.014940
0 0.446004 0.895270 0.023318 0.016683
0 0.441119 0.911081 0.018591 0.014940
0 0.437338 0.926145 0.019852 0.016185
0 0.436865 0.941209 0.018906 0.014940
0 0.432612 0.956397 0.019852 0.015937
0 0.428358 0.971213 0.022687 0.013695
