0 0.748225 0.577608 0.029898 0.022490
0 0.743818 0.625157 0.027748 0.021806
0 0.878673 0.647547 0.028415 0.019023
0 0.765275 0.669699 0.024788 0.019029
0 0.801922 0.692116 0.027541 0.020538
0 0.804850 0.713483 0.027661 0.020109
0 0.798997 0.734962 0.029205 0.020454
0 0.794757 0.756513 0.027632 0.019709
0 0.803231 0.776961 0.026063 0.018786
0 0.798078 0.796620 0.028367 0.018379
0 0.788073 0.816713 0.026582 0.018510
0 0.772934 0.836353 0.023457 0.016572
0 0.613762 0.856174 0.026762 0.018190
0 0.604283 0.876051 0.026470 0.017716
0 0.595388 0.894883 0.022620 0.017582
0 0.600689 0.913709 0.023258 0.017558
0 0.600846 0.932297 0.024125 0.017569
0 0.724492 0.951912 0.021771 0.017282
0 0.727218 0.969887 0.021788 0.017627
0 0.760641 0.602098 0.024775 0.025296
0 0.809336 0.553529 0.045278 0.019225
0 0.732981 0.988410 0.018163 0.018003
