0 0.693833 0.312081 0.031087 0.017835
0 0.574845 0.438946 0.019151 0.012834
0 0.565916 0.452193 0.019970 0.012996
0 0.560697 0.465037 0.020053 0.012572
0 0.556988 0.478149 0.021167 0.012973
0 0.559140 0.491383 0.021340 0.013325
0 0.559025 0.506601 0.022343 0.014705
0 0.498112 0.516388 0.020410 0.012814
0 0.495784 0.529178 0.020148 0.012265
0 0.498267 0.541587 0.020362 0.012070
0 0.498573 0.554650 0.025812 0.013982
0 0.457465 0.566392 0.018391 0.012762
0 0.453889 0.578815 0.019588 0.011489
0 0.449617 0.590773 0.018226 0.011538
0 0.442542 0.603063 0.018772 0.011553
0 0.434009 0.615435 0.019496 0.011522
0 0.421576 0.627836 0.016390 0.011302
0 0.576441 0.640230 0.010988 0.008268
0 0.571703 0.652371 0.016972 0.011077
0 0.567307 0.663756 0.016056 0.011206
0 0.561454 0.675726 0.016609 0.010927
0 0.561783 0.687326 0.015519 0.010932
0 0.507476 0.698844 0.016764 0.011881
0 0.497359 0.709694 0.015667 0.010458
0 0.491414 0.720414 0.015334 0.010625
0 0.489683 0.731971 0.016631 0.011837
0 0.490532 0.743512 0.014846 0.011704
0 0.515919 0.754765 0.014214 0.010896
0 0.515284 0.765742 0.015087 0.010528
0 0.513966 0.776470 0.015912 0.010612
0 0.509683 0.787857 0.017583 0.012085
0 0.505692 0.798838 0.015007 0.010667
0 0.502110 0.809285 0.016314 0.009764
0 0.492602 0.820067 0.014673 0.009873
0 0.492181 0.829997 0.015884 0.010368
0 0.495187 0.839908 0.014523 0.008811
0 0.444553 0.850711 0.014509 0.011031
0 0.423637 0.860272 0.013924 0.009939
0 0.438150 0.870887 0.013490 0.009799
0 0.432026 0.881435 0.015167 0.010489
0 0.431925 0.891149 0.015206 0.009684
0 0.421945 0.901477 0.013773 0.009885
0 0.411464 0.911299 0.013046 0.010108
0 0.413440 0.921487 0.012803 0.009489
0 0.411955 0.931370 0.012818 0.009977
0 0.410426 0.941153 0.011437 0.009587
0 0.429031 0.951197 0.013634 0.010122
0 0.443301 0.960981 0.011234 0.009377
0 0.439334 0.970108 0.011758 0.008723
0 0.425521 0.979687 0.010407 0.008908
0 0.421296 0.988921 0.013590 0.008782
0 0.410952 0.996875 0.009550 0.006250
0 0.617056 0.426414 0.018828 0.014525
0 0.630365 0.410950 0.019910 0.015379
0 0.636749 0.396254 0.019260 0.012303
0 0.644323 0.381815 0.022290 0.012474
0 0.650274 0.368230 0.020775 0.012645
0 0.654927 0.354474 0.024454 0.015208
0 0.662285 0.339351 0.025320 0.012987
0 0.689012 0.326706 0.029432 0.012303
0 0.596818 0.294704 0.028983 0.016756
0 0.604237 0.278085 0.026913 0.014576
0 0.622610 0.262759 0.025360 0.016074
0 0.635549 0.246344 0.020530 0.015393
0 0.640639 0.232109 0.025878 0.011443
0 0.623559 0.215081 0.029328 0.016619
