0 0.821403 0.553034 0.036011 0.021520
0 0.748548 0.577029 0.026796 0.021735
0 0.768843 0.600649 0.048470 0.024470
0 0.741461 0.624572 0.028636 0.020698
0 0.880849 0.645661 0.028962 0.018394
0 0.765159 0.669577 0.029731 0.020294
0 0.801296 0.691296 0.027725 0.019946
0 0.804602 0.713010 0.028895 0.020418
0 0.800456 0.733304 0.027876 0.018620
0 0.795556 0.755350 0.029125 0.020290
0 0.803559 0.776338 0.026622 0.019142
0 0.803044 0.795434 0.026653 0.017563
0 0.787288 0.817342 0.030468 0.018948
0 0.775757 0.836857 0.017582 0.017682
0 0.614663 0.855291 0.027729 0.017767
0 0.603857 0.875409 0.031430 0.019391
0 0.594604 0.894350 0.023575 0.017398
0 0.602647 0.912938 0.023676 0.018695
0 0.600876 0.931834 0.023712 0.017950
0 0.726262 0.950735 0.022731 0.017760
0 0.729395 0.968772 0.023758 0.017446
0 0.734685 0.987847 0.027220 0.019095
