0 0.406771 0.519864 0.030831 0.020614
0 0.404597 0.540947 0.041503 0.019678
0 0.399064 0.561093 0.037550 0.019365
0 0.392740 0.580146 0.034388 0.018115
0 0.387404 0.599980 0.036364 0.020302
0 0.381277 0.619189 0.037550 0.019990
0 0.366257 0.637928 0.024111 0.016866
0 0.365861 0.656201 0.036759 0.019052
0 0.357166 0.675409 0.032016 0.018740
0 0.345308 0.694775 0.030435 0.019365
0 0.328509 0.711797 0.030831 0.016553
0 0.319023 0.728351 0.026878 0.017179
0 0.409341 0.746155 0.027274 0.018429
0 0.414479 0.762865 0.023320 0.015616
0 0.414084 0.780356 0.033597 0.016866
0 0.404400 0.798003 0.026878 0.016553
0 0.405981 0.814089 0.024507 0.015616
0 0.411317 0.830331 0.032807 0.017491
0 0.452226 0.847196 0.025296 0.015616
0 0.450250 0.863594 0.026087 0.016553
0 0.445902 0.879836 0.025296 0.016553
0 0.440763 0.895922 0.028458 0.015616
0 0.437404 0.911382 0.028064 0.015305
0 0.437799 0.926998 0.028064 0.015305
0 0.432661 0.941991 0.026483 0.014680
0 0.425151 0.957609 0.023320 0.016553
0 0.426139 0.972601 0.023715 0.013431
