0 0.477085 0.261292 0.020680 0.017325
0 0.534960 0.278160 0.029935 0.018223
0 0.529704 0.294857 0.028416 0.013642
0 0.520242 0.309949 0.027690 0.017525
0 0.517136 0.324255 0.031889 0.014085
0 0.516078 0.338836 0.024660 0.015585
0 0.511537 0.353594 0.021868 0.014063
0 0.504362 0.367155 0.029005 0.014162
0 0.502143 0.382622 0.025279 0.016588
0 0.536932 0.396701 0.017904 0.015216
0 0.579075 0.439055 0.023800 0.014330
0 0.569244 0.452929 0.024291 0.013418
0 0.561168 0.465610 0.024520 0.012704
0 0.560389 0.477494 0.021412 0.015344
0 0.562990 0.491713 0.020337 0.012974
0 0.558794 0.508700 0.030101 0.021520
0 0.499675 0.516724 0.021366 0.013206
0 0.499569 0.528620 0.020477 0.012602
0 0.501410 0.541695 0.023168 0.012694
0 0.501281 0.557018 0.023400 0.017488
0 0.459068 0.565878 0.021478 0.013602
0 0.454608 0.578611 0.023799 0.012515
0 0.451900 0.590158 0.023261 0.011083
0 0.441592 0.602793 0.023575 0.011921
0 0.431599 0.615950 0.023412 0.013461
0 0.425072 0.627739 0.016177 0.010812
0 0.576404 0.641608 0.017649 0.013518
0 0.566909 0.665178 0.018278 0.012852
0 0.506178 0.698395 0.023314 0.012080
0 0.496159 0.709616 0.018025 0.011428
0 0.493324 0.719634 0.017618 0.011166
0 0.490504 0.731221 0.017282 0.012152
0 0.493221 0.744112 0.015573 0.011933
0 0.421842 0.859963 0.010897 0.011110
0 0.433912 0.870530 0.015746 0.010657
0 0.415336 0.901453 0.021874 0.010960
0 0.424289 0.951633 0.012220 0.011517
0 0.434337 0.969150 0.015407 0.010299
0 0.580165 0.409656 0.023328 0.012095
0 0.580235 0.423748 0.024874 0.012983
0 0.561456 0.676687 0.017769 0.010289
0 0.562345 0.686119 0.017966 0.008886
0 0.489095 0.819010 0.017049 0.010165
0 0.499011 0.807883 0.022268 0.009341
0 0.500751 0.797855 0.022268 0.010715
0 0.510145 0.776013 0.019485 0.010440
0 0.513451 0.764336 0.023312 0.009616
0 0.516756 0.753484 0.019485 0.008792
0 0.490834 0.828488 0.020529 0.009891
0 0.490660 0.839753 0.020877 0.008242
0 0.440904 0.850056 0.018093 0.009066
0 0.438800 0.959710 0.011945 0.007656
0 0.417088 0.979128 0.010399 0.009210
0 0.413153 0.988061 0.012085 0.007545
0 0.402825 0.997248 0.014193 0.005503
0 0.403033 0.940768 0.017336 0.009778
0 0.406252 0.929817 0.020308 0.010169
0 0.406871 0.920234 0.023032 0.010169
0 0.407986 0.910261 0.027242 0.008996
0 0.428170 0.891097 0.022042 0.008604
0 0.430647 0.881417 0.020060 0.010364
0 0.508613 0.786795 0.021922 0.010320
