0 0.408874 0.812520 0.023634 0.016124
0 0.502705 0.208419 0.031593 0.023326
0 0.412829 0.955724 0.019082 0.015161
0 0.424641 0.438775 0.033541 0.020057
0 0.402161 0.878220 0.021813 0.015699
0 0.409710 0.861747 0.022076 0.016710
0 0.424647 0.500585 0.028303 0.019367
0 0.437488 0.395845 0.031846 0.020335
0 0.505857 0.232321 0.031365 0.022333
0 0.422809 0.561262 0.028015 0.018707
0 0.485177 0.282127 0.028423 0.021641
0 0.484042 0.306940 0.034179 0.023785
0 0.413386 0.925311 0.016467 0.015542
0 0.409603 0.939868 0.021089 0.015588
0 0.421724 0.520871 0.027977 0.018912
0 0.409537 0.828686 0.023003 0.016422
0 0.407000 0.970106 0.017655 0.015023
0 0.412352 0.845648 0.021130 0.015969
0 0.514233 0.159390 0.043592 0.026406
0 0.440747 0.617457 0.026692 0.019081
0 0.402278 0.893684 0.022372 0.015921
0 0.447390 0.728164 0.022372 0.017212
0 0.430188 0.375035 0.028294 0.020530
0 0.503181 0.132006 0.030503 0.025582
0 0.424213 0.655601 0.024112 0.017652
0 0.436451 0.636474 0.029858 0.018373
0 0.422152 0.541142 0.029427 0.019781
0 0.486282 0.329547 0.037071 0.022280
0 0.508769 0.257894 0.032918 0.022747
0 0.396180 0.909216 0.022920 0.016193
0 0.447452 0.709862 0.023632 0.017538
0 0.438753 0.691658 0.022614 0.017312
0 0.446285 0.745313 0.027658 0.017372
0 0.419610 0.780107 0.026230 0.016915
0 0.516702 0.183223 0.044819 0.025765
0 0.437591 0.598625 0.025161 0.018308
0 0.424595 0.579648 0.029229 0.018880
0 0.429458 0.417827 0.035711 0.020985
0 0.410983 0.796634 0.022809 0.015673
0 0.436249 0.480021 0.031236 0.020449
0 0.492089 0.353152 0.044484 0.026112
0 0.502292 0.103041 0.042558 0.026550
0 0.492587 0.076787 0.041064 0.027140
0 0.408152 0.981996 0.027213 0.007038
0 0.432734 0.762486 0.025330 0.016013
0 0.433834 0.673076 0.020390 0.018487
0 0.431372 0.459659 0.033098 0.020282
