0 0.574261 0.340766 0.049275 0.024061
0 0.572437 0.363213 0.046561 0.020095
0 0.635369 0.450506 0.045263 0.021917
0 0.585417 0.472530 0.045057 0.023104
0 0.537058 0.492498 0.038592 0.019341
0 0.681225 0.513340 0.043989 0.021295
0 0.669505 0.533579 0.040226 0.018201
0 0.534196 0.554319 0.038365 0.020504
0 0.533089 0.575371 0.039158 0.020025
0 0.632101 0.594245 0.042430 0.019743
0 0.630539 0.613934 0.042403 0.019411
0 0.631798 0.633500 0.041469 0.018566
0 0.629751 0.652215 0.039068 0.018434
0 0.631892 0.671124 0.041161 0.018098
0 0.630314 0.689654 0.038420 0.018158
0 0.395363 0.708743 0.035300 0.018027
0 0.401839 0.726926 0.033182 0.017038
0 0.506801 0.744378 0.037980 0.017835
0 0.497158 0.762347 0.034471 0.017637
0 0.492204 0.779370 0.036486 0.016953
0 0.501217 0.796856 0.035522 0.017148
0 0.670744 0.813295 0.035195 0.017258
0 0.669510 0.830135 0.036890 0.016662
0 0.674610 0.846878 0.037546 0.016992
0 0.680283 0.863268 0.033081 0.016468
0 0.687497 0.879659 0.036848 0.016237
0 0.692693 0.896211 0.034229 0.016834
0 0.562637 0.912115 0.032064 0.015621
0 0.562361 0.927672 0.038805 0.016811
0 0.573713 0.943726 0.030932 0.015543
0 0.581029 0.959416 0.031825 0.015675
0 0.587452 0.974576 0.032465 0.015699
0 0.586902 0.990722 0.034858 0.015973
0 0.587294 0.386151 0.049167 0.023452
0 0.588912 0.407145 0.054990 0.020804
0 0.601851 0.430029 0.045933 0.021182
