0 0.532081 0.278657 0.027856 0.017371
0 0.528819 0.295553 0.026562 0.015767
0 0.518992 0.310318 0.026848 0.016018
0 0.514317 0.325323 0.031964 0.014754
0 0.515975 0.339822 0.025087 0.014896
0 0.505156 0.362963 0.033642 0.024154
0 0.500270 0.383315 0.026321 0.017313
0 0.536745 0.396734 0.016769 0.015169
0 0.575493 0.412273 0.024887 0.016047
0 0.577964 0.424931 0.027582 0.015208
0 0.576440 0.439515 0.024772 0.013855
0 0.569805 0.449769 0.023317 0.017881
0 0.561134 0.465891 0.025773 0.013222
0 0.560004 0.477791 0.022327 0.015074
0 0.561528 0.492342 0.019813 0.013854
0 0.556831 0.509558 0.029117 0.019866
0 0.499223 0.517144 0.017154 0.012406
0 0.497538 0.531219 0.024088 0.015692
0 0.501662 0.543957 0.020888 0.011115
0 0.500266 0.557288 0.024464 0.016753
0 0.457286 0.565877 0.019523 0.013676
0 0.453118 0.578702 0.023677 0.012838
0 0.445194 0.593982 0.027632 0.017927
0 0.433189 0.614438 0.029701 0.014726
0 0.423593 0.627856 0.013470 0.011119
0 0.573014 0.650990 0.022889 0.012454
0 0.565379 0.664453 0.027231 0.013368
0 0.562486 0.677009 0.019322 0.011447
0 0.490890 0.719871 0.019821 0.012178
0 0.489468 0.732755 0.018598 0.011862
0 0.491248 0.743941 0.012702 0.011106
0 0.511970 0.776628 0.017808 0.011292
0 0.509581 0.787716 0.016778 0.010954
0 0.441431 0.850375 0.015465 0.010774
0 0.421242 0.860099 0.011229 0.010980
0 0.433259 0.870806 0.016606 0.010807
0 0.414395 0.901468 0.018658 0.011034
0 0.572987 0.640240 0.017988 0.010652
0 0.562518 0.687011 0.015318 0.010098
0 0.510733 0.697996 0.018831 0.010985
0 0.496961 0.708982 0.018269 0.009654
0 0.517190 0.754350 0.018409 0.010320
0 0.513536 0.765169 0.017285 0.010431
0 0.505640 0.798528 0.015739 0.010431
0 0.501213 0.809236 0.017285 0.010542
0 0.490673 0.819666 0.014474 0.009876
0 0.491517 0.829930 0.013069 0.011096
0 0.494116 0.839917 0.011804 0.009099
0 0.430267 0.881355 0.015689 0.009187
0 0.429562 0.890750 0.018509 0.009883
0 0.406998 0.910863 0.013573 0.008352
0 0.409202 0.920746 0.014807 0.009465
0 0.408144 0.930281 0.014102 0.009326
0 0.406734 0.940233 0.015513 0.009743
0 0.422952 0.949907 0.011282 0.008769
0 0.435613 0.961072 0.010259 0.009765
0 0.432943 0.969061 0.013631 0.006880
0 0.417345 0.979159 0.015880 0.008877
0 0.413550 0.987869 0.012788 0.007213
0 0.401957 0.996903 0.012648 0.006194
