0 0.732975 0.988643 0.024432 0.019720
0 0.724424 0.969137 0.023074 0.016719
0 0.720895 0.951346 0.022532 0.017148
0 0.600296 0.932187 0.021785 0.019563
0 0.599868 0.912456 0.019222 0.018551
0 0.589190 0.893568 0.016659 0.015852
0 0.605635 0.875017 0.017086 0.019225
0 0.611615 0.855286 0.017940 0.019563
0 0.768381 0.839602 0.016232 0.024622
0 0.784826 0.818016 0.027765 0.019225
0 0.794223 0.797104 0.020076 0.020574
0 0.802766 0.776867 0.023493 0.019225
0 0.789525 0.756461 0.018368 0.020237
0 0.796573 0.734706 0.017940 0.021249
0 0.804689 0.712782 0.019649 0.021249
0 0.800844 0.691196 0.025629 0.020574
0 0.764536 0.668935 0.026484 0.020574
0 0.874955 0.648698 0.024348 0.024622
0 0.737626 0.624582 0.022212 0.022935
0 0.763682 0.600803 0.026484 0.021924
0 0.743392 0.576856 0.023493 0.023273
0 0.815795 0.553751 0.027338 0.024285
