0 0.701203 0.306954 0.037170 0.018667
0 0.663708 0.337153 0.026051 0.016073
0 0.658505 0.352005 0.024403 0.014267
0 0.654000 0.367184 0.020922 0.015740
0 0.642918 0.381365 0.027845 0.014327
0 0.638802 0.394707 0.021977 0.012778
0 0.579765 0.436683 0.025320 0.014856
0 0.564026 0.476210 0.026002 0.013507
0 0.565075 0.491181 0.024447 0.016051
0 0.561673 0.507129 0.027923 0.017030
0 0.505396 0.540724 0.018212 0.013628
0 0.504428 0.555441 0.021124 0.015824
0 0.568765 0.663806 0.015789 0.011689
0 0.566034 0.675552 0.020732 0.012453
0 0.563429 0.688789 0.024063 0.014584
0 0.508294 0.697978 0.023684 0.012808
0 0.494927 0.714895 0.029491 0.020234
0 0.491262 0.732014 0.017797 0.013215
0 0.492134 0.742538 0.013573 0.011565
0 0.508683 0.787579 0.018427 0.012086
0 0.493799 0.829530 0.015168 0.011423
0 0.428329 0.890468 0.021505 0.010835
0 0.414294 0.900722 0.021812 0.011506
0 0.422140 0.951190 0.015174 0.011215
0 0.686318 0.322442 0.030133 0.013075
0 0.631477 0.407796 0.022625 0.014314
0 0.625856 0.420390 0.025155 0.012206
0 0.571957 0.449677 0.020658 0.013094
0 0.568092 0.462382 0.024171 0.013205
0 0.502140 0.514263 0.025429 0.012921
0 0.497828 0.527096 0.025208 0.012746
0 0.443424 0.601463 0.020814 0.010793
0 0.454763 0.578159 0.025474 0.011284
0 0.459268 0.564667 0.022678 0.012756
0 0.451812 0.589198 0.027649 0.012265
0 0.433638 0.612992 0.022989 0.013246
0 0.423076 0.625503 0.021125 0.012756
0 0.575834 0.650838 0.023889 0.012316
0 0.576821 0.638834 0.023889 0.011069
0 0.517247 0.754240 0.014807 0.010300
0 0.517902 0.764668 0.018409 0.010320
0 0.513616 0.775598 0.015739 0.011096
0 0.505895 0.798239 0.013912 0.010098
0 0.502804 0.807782 0.017566 0.009210
0 0.490016 0.818879 0.015037 0.009432
0 0.492998 0.839840 0.019674 0.009876
0 0.440766 0.849128 0.019044 0.008078
0 0.422036 0.860437 0.015897 0.010812
0 0.438491 0.870301 0.013491 0.009210
0 0.427389 0.880288 0.018831 0.008766
0 0.405699 0.910764 0.015037 0.009765
0 0.405066 0.920695 0.020798 0.009210
0 0.407315 0.930626 0.015177 0.009765
0 0.404364 0.940446 0.012648 0.009432
0 0.436756 0.960697 0.014755 0.009987
0 0.430994 0.969241 0.015880 0.007545
0 0.417714 0.979228 0.017426 0.009321
0 0.412444 0.989104 0.015880 0.009099
0 0.400991 0.996827 0.014896 0.006347
