0 0.587745 0.971434 0.032895 0.015572
0 0.618152 0.774823 0.028305 0.017296
0 0.556516 0.684599 0.034716 0.017518
0 0.623690 0.842549 0.034955 0.016200
0 0.647086 0.792326 0.033449 0.016884
0 0.630388 0.825702 0.036468 0.016750
0 0.608004 0.756757 0.032622 0.017430
0 0.618508 0.739191 0.035616 0.017210
0 0.604995 0.907919 0.032020 0.015938
0 0.610669 0.891936 0.032863 0.015977
0 0.638727 0.808524 0.034618 0.016381
0 0.559433 0.665483 0.033506 0.018811
0 0.612726 0.875759 0.030208 0.016221
0 0.575030 0.627758 0.031384 0.018052
0 0.597957 0.940045 0.027168 0.015742
0 0.567367 0.646458 0.039531 0.018576
0 0.620212 0.859000 0.033138 0.016526
0 0.603247 0.924196 0.032650 0.015660
0 0.592759 0.956016 0.030467 0.015494
0 0.548532 0.702311 0.034456 0.017438
0 0.583289 0.986729 0.027203 0.014511
0 0.621456 0.721249 0.026296 0.017205
