0 0.439522 0.616748 0.025412 0.018181
0 0.445910 0.708915 0.025150 0.018193
0 0.408025 0.811989 0.024060 0.015958
0 0.437055 0.597876 0.026081 0.018484
0 0.426892 0.579471 0.025854 0.018365
0 0.502269 0.206433 0.037974 0.022941
0 0.431425 0.672296 0.023786 0.018257
0 0.437455 0.479577 0.031879 0.020251
0 0.426431 0.500097 0.029450 0.018414
0 0.437386 0.690553 0.025725 0.018153
0 0.400102 0.892907 0.023700 0.016897
0 0.434537 0.635668 0.028603 0.018928
0 0.400679 0.876803 0.020901 0.015552
0 0.438461 0.395566 0.032096 0.019362
0 0.422539 0.540472 0.031779 0.019076
0 0.411249 0.844771 0.023863 0.017251
0 0.422770 0.438529 0.032490 0.020161
0 0.423657 0.654192 0.023447 0.017704
0 0.446144 0.726635 0.023974 0.016862
0 0.408035 0.861156 0.024233 0.015657
0 0.490296 0.329274 0.031491 0.021797
0 0.517470 0.182565 0.040176 0.023493
0 0.445728 0.743920 0.026241 0.016778
0 0.506873 0.230849 0.035680 0.022835
0 0.398183 0.908824 0.021856 0.015659
0 0.410631 0.924354 0.022071 0.016978
0 0.405906 0.970107 0.021217 0.014493
0 0.408648 0.828030 0.023912 0.016416
0 0.489468 0.349706 0.031645 0.019807
0 0.411036 0.955132 0.023388 0.016476
0 0.419282 0.779240 0.026981 0.018215
0 0.428448 0.761392 0.029561 0.017659
0 0.408316 0.939872 0.023438 0.015104
0 0.424769 0.559761 0.029909 0.019131
0 0.512138 0.153020 0.042920 0.021525
0 0.485226 0.284011 0.038197 0.024925
0 0.419917 0.519899 0.033250 0.019762
0 0.507416 0.260184 0.036780 0.023004
0 0.483327 0.306941 0.036324 0.022712
0 0.430990 0.373382 0.034943 0.021390
0 0.505089 0.236696 0.033826 0.023200
0 0.432944 0.459131 0.036137 0.019941
0 0.500221 0.127721 0.035807 0.020830
0 0.427106 0.419248 0.037069 0.020043
0 0.414311 0.795669 0.030305 0.016866
0 0.401837 0.982069 0.019808 0.006890
0 0.494617 0.102852 0.049475 0.026474
0 0.480983 0.074377 0.053370 0.029860
