0 0.477821 0.437416 0.058326 0.024581
0 0.477821 0.462187 0.049577 0.024197
0 0.468829 0.483696 0.047146 0.018820
0 0.456922 0.503861 0.048605 0.020741
0 0.444528 0.523064 0.052979 0.016900
0 0.445499 0.541692 0.052979 0.019589
0 0.399082 0.562240 0.043745 0.019204
0 0.399898 0.582166 0.047361 0.020217
0 0.393093 0.602599 0.046816 0.019788
0 0.381389 0.621526 0.049538 0.018067
0 0.382479 0.641529 0.043006 0.021078
0 0.359887 0.660671 0.035929 0.016346
0 0.374312 0.677018 0.039739 0.016346
0 0.418952 0.694224 0.034295 0.018928
0 0.423512 0.713580 0.024798 0.017452
0 0.426610 0.731338 0.034872 0.017452
0 0.414018 0.749709 0.032935 0.016228
0 0.415762 0.766395 0.027123 0.015922
0 0.412081 0.782777 0.029060 0.015003
0 0.383214 0.799005 0.021698 0.016841
0 0.397163 0.815232 0.022474 0.016841
0 0.401813 0.832073 0.020923 0.016841
0 0.398132 0.849677 0.022086 0.016533
0 0.391932 0.865447 0.026736 0.016228
0 0.383021 0.881674 0.023636 0.016228
0 0.402199 0.896983 0.020923 0.014391
0 0.403750 0.912445 0.020148 0.016533
0 0.406074 0.928367 0.019374 0.014085
0 0.389219 0.943523 0.023636 0.015615
0 0.380695 0.959751 0.029836 0.016228
0 0.381857 0.975060 0.024411 0.014391
