0 0.466395 0.579091 0.033401 0.019671
0 0.454579 0.600753 0.028043 0.022160
0 0.418184 0.618929 0.022058 0.018675
0 0.411883 0.637604 0.018906 0.017679
0 0.409677 0.655781 0.017646 0.017679
0 0.405774 0.674827 0.019388 0.017984
0 0.401840 0.692701 0.014048 0.018650
0 0.453888 0.710794 0.014751 0.016874
0 0.451360 0.728390 0.024023 0.017873
0 0.444927 0.746036 0.020054 0.017608
0 0.453592 0.763252 0.019064 0.016825
0 0.473274 0.780566 0.022283 0.016629
0 0.466589 0.796902 0.024263 0.016434
0 0.460153 0.813336 0.022778 0.016825
0 0.457552 0.830160 0.019558 0.016042
0 0.452849 0.846398 0.021540 0.016434
0 0.450496 0.863321 0.021293 0.015847
0 0.448022 0.878678 0.024758 0.014477
0 0.443688 0.894329 0.020054 0.016042
0 0.440099 0.910371 0.023273 0.016042
0 0.436880 0.926121 0.018816 0.014673
0 0.433909 0.941673 0.023768 0.014868
0 0.429081 0.957032 0.022035 0.015064
0 0.427348 0.972194 0.018568 0.012521
