0 0.719826 0.566734 0.041025 0.019743
0 0.780372 0.356666 0.042415 0.023271
0 0.735497 0.506607 0.041794 0.020297
0 0.601299 0.924253 0.034898 0.016190
0 0.713555 0.587296 0.042487 0.019747
0 0.671478 0.721249 0.039426 0.017675
0 0.705214 0.607740 0.041127 0.019019
0 0.611428 0.891979 0.035301 0.016262
0 0.690321 0.646408 0.039411 0.018263
0 0.677086 0.684318 0.040502 0.018831
0 0.683751 0.665149 0.039323 0.017679
0 0.778601 0.380168 0.041071 0.022200
0 0.657467 0.756909 0.035540 0.017385
0 0.584765 0.987416 0.029391 0.014854
0 0.652942 0.774465 0.038109 0.017321
0 0.696528 0.627291 0.040215 0.018344
0 0.638068 0.808809 0.031975 0.016722
0 0.604725 0.907775 0.031452 0.015879
0 0.597290 0.940145 0.031456 0.016175
0 0.619893 0.859146 0.036011 0.016415
0 0.749569 0.443448 0.045009 0.019616
0 0.764035 0.421388 0.051115 0.020785
0 0.650552 0.791657 0.037120 0.017034
0 0.588050 0.971684 0.030826 0.015548
0 0.660630 0.739100 0.034099 0.016774
0 0.615094 0.875648 0.031511 0.016271
0 0.594066 0.956032 0.031168 0.015255
0 0.673885 0.702811 0.042406 0.017195
0 0.750168 0.465202 0.044154 0.021985
0 0.626106 0.842700 0.034594 0.016415
0 0.632805 0.825722 0.033841 0.016818
0 0.724672 0.546953 0.043131 0.019570
0 0.771845 0.400772 0.041820 0.019070
0 0.741781 0.486257 0.039107 0.018966
0 0.730221 0.526011 0.040121 0.019060
0 0.813371 0.236437 0.053656 0.023633
0 0.782169 0.331360 0.043786 0.025422
0 0.763728 0.293183 0.033250 0.015847
0 0.782850 0.307500 0.044446 0.018390
0 0.803826 0.260428 0.056581 0.022380
0 0.832572 0.158372 0.045001 0.027951
0 0.828521 0.210001 0.053736 0.026401
0 0.801808 0.282142 0.029240 0.019693
