0 0.523695 0.629957 0.041380 0.018478
0 0.518656 0.989488 0.030282 0.013985
0 0.552626 0.926740 0.032013 0.016090
0 0.542123 0.862581 0.033851 0.016724
0 0.537701 0.569894 0.043490 0.020485
0 0.523499 0.894926 0.033543 0.016389
0 0.514641 0.649182 0.038282 0.018665
0 0.505023 0.668582 0.034165 0.018228
0 0.535344 0.878962 0.036253 0.016331
0 0.566087 0.759432 0.035895 0.017039
0 0.512796 0.686802 0.033596 0.017636
0 0.532954 0.958047 0.034431 0.015601
0 0.549137 0.910763 0.030185 0.016383
0 0.573063 0.705290 0.036244 0.018310
0 0.544802 0.845285 0.033005 0.017336
0 0.540154 0.828370 0.030097 0.016859
0 0.520074 0.590589 0.034420 0.018463
0 0.520166 0.974267 0.038055 0.016676
0 0.522659 0.811582 0.032048 0.016734
0 0.579262 0.723807 0.034161 0.017615
0 0.560237 0.795116 0.038797 0.016774
0 0.522717 0.609854 0.033986 0.018639
0 0.564389 0.777451 0.037934 0.017199
0 0.553074 0.943326 0.038703 0.016122
0 0.582232 0.742015 0.046497 0.017815
