0 0.916286 0.424394 0.032062 0.022600
0 0.749494 0.574891 0.030326 0.023269
0 0.588224 0.893194 0.026497 0.018886
0 0.787369 0.667395 0.032366 0.021440
0 0.598180 0.874000 0.026690 0.018838
0 0.796677 0.710959 0.031090 0.020328
0 0.776360 0.598677 0.032340 0.022273
0 0.916767 0.399317 0.031007 0.023965
0 0.721029 0.968606 0.027552 0.018016
0 0.786002 0.753914 0.030311 0.020954
0 0.606875 0.853397 0.027482 0.018736
0 0.719538 0.950193 0.025377 0.018029
0 0.788155 0.732019 0.031584 0.020616
0 0.595752 0.912161 0.026404 0.018572
0 0.852079 0.501047 0.030182 0.022772
0 0.595062 0.931416 0.024471 0.017756
0 0.764144 0.834824 0.026223 0.019236
0 0.790651 0.689967 0.028504 0.020953
0 0.891092 0.450291 0.029675 0.023967
0 0.757853 0.621994 0.029830 0.021591
0 0.728368 0.987351 0.025029 0.017775
0 0.793954 0.774753 0.028112 0.018996
0 0.787463 0.644993 0.030134 0.020680
0 0.861986 0.524378 0.031600 0.019452
0 0.789419 0.794955 0.029197 0.019597
0 0.967402 0.290450 0.037560 0.024573
0 0.799074 0.549345 0.031742 0.020342
0 0.920096 0.372774 0.043245 0.026444
0 0.779076 0.814779 0.031760 0.017988
0 0.880275 0.475208 0.030967 0.021447
0 0.936932 0.345930 0.037128 0.025816
0 0.966301 0.318145 0.045994 0.027129
