0 0.819947 0.554530 0.031571 0.018408
0 0.748158 0.577621 0.031063 0.022390
0 0.762179 0.603470 0.036978 0.018552
0 0.743064 0.625089 0.028389 0.021152
0 0.880500 0.647844 0.026067 0.019844
0 0.765802 0.669481 0.024368 0.018882
0 0.802450 0.692085 0.027970 0.021193
0 0.805039 0.713569 0.028019 0.019928
0 0.799132 0.735134 0.029100 0.020236
0 0.794187 0.756899 0.028658 0.019578
0 0.802899 0.777160 0.026758 0.018630
0 0.799223 0.797043 0.029899 0.018925
0 0.788287 0.817085 0.026631 0.018234
0 0.773998 0.837127 0.020258 0.017583
0 0.614535 0.856323 0.026287 0.018368
0 0.604708 0.876039 0.027797 0.017839
0 0.595980 0.894896 0.023649 0.017428
0 0.602080 0.913648 0.022713 0.017895
0 0.602486 0.932403 0.020246 0.017414
0 0.728138 0.970075 0.017550 0.017617
0 0.727168 0.951681 0.024518 0.017477
0 0.732957 0.989324 0.020431 0.018015
