0 0.502560 0.714403 0.032610 0.025504
0 0.473354 0.729915 0.031961 0.021905
0 0.453387 0.748951 0.028370 0.019638
0 0.452881 0.769798 0.027922 0.018993
0 0.476737 0.790034 0.027713 0.020088
0 0.475104 0.809803 0.024778 0.019523
0 0.469285 0.830384 0.025278 0.019585
0 0.502031 0.853227 0.031211 0.023805
0 0.426104 0.867706 0.020812 0.018004
0 0.442325 0.887848 0.022465 0.018520
0 0.442432 0.907023 0.023829 0.017526
0 0.439583 0.924780 0.028825 0.017794
0 0.428105 0.942664 0.025724 0.017440
0 0.420894 0.959881 0.025969 0.018861
0 0.419208 0.975916 0.023745 0.011958
