0 0.616079 0.066852 0.048972 0.026914
0 0.619616 0.096019 0.048565 0.025885
0 0.624852 0.177940 0.044536 0.025333
0 0.630047 0.204877 0.049989 0.025159
0 0.615618 0.231117 0.047080 0.024459
0 0.626303 0.256622 0.049931 0.023970
0 0.608234 0.282106 0.049859 0.024648
0 0.580272 0.306605 0.041545 0.023564
0 0.583271 0.330488 0.041508 0.022075
0 0.583954 0.353005 0.042285 0.021635
0 0.580649 0.375566 0.041295 0.021787
0 0.604415 0.398213 0.038291 0.021854
0 0.597241 0.420415 0.039969 0.021077
0 0.587073 0.441431 0.038338 0.020329
0 0.593934 0.700807 0.034580 0.017750
0 0.585720 0.719114 0.038730 0.018291
0 0.592988 0.737490 0.031831 0.017112
0 0.582436 0.755205 0.031292 0.017463
0 0.577700 0.772825 0.033420 0.017677
0 0.569190 0.824187 0.031825 0.016927
0 0.573655 0.840810 0.036893 0.016781
0 0.569626 0.869004 0.019609 0.007250
0 0.559066 0.890944 0.029032 0.016348
0 0.557483 0.906622 0.029663 0.015723
0 0.565163 0.922544 0.036842 0.016827
0 0.558466 0.938743 0.030646 0.015706
0 0.568389 0.954364 0.034085 0.016034
0 0.562501 0.969775 0.032321 0.015554
0 0.556332 0.985088 0.027609 0.015293
0 0.557453 0.996191 0.027967 0.007094
0 0.566936 0.856500 0.031460 0.013570
0 0.574930 0.806594 0.029913 0.016887
0 0.569257 0.789859 0.027850 0.014776
0 0.592980 0.681152 0.025787 0.016887
0 0.593238 0.663662 0.034554 0.016887
0 0.592980 0.643760 0.030944 0.018696
0 0.590660 0.624461 0.030428 0.021108
0 0.590144 0.604861 0.028365 0.017490
0 0.574672 0.585863 0.026303 0.019902
0 0.593238 0.566414 0.027334 0.018394
0 0.594528 0.545004 0.025787 0.022013
0 0.596591 0.524499 0.030944 0.019600
0 0.595301 0.504296 0.033523 0.020204
0 0.590660 0.483489 0.030428 0.020204
0 0.580087 0.463587 0.035070 0.020204
0 0.663378 0.151789 0.052089 0.024425
0 0.645070 0.125254 0.047448 0.028044
