0 0.935989 0.834014 0.028948 0.017715
0 0.937101 0.731523 0.033182 0.020156
0 0.965281 0.402532 0.040805 0.024071
0 0.980407 0.427304 0.035617 0.021309
0 0.907977 0.688149 0.034627 0.020427
0 0.935428 0.814251 0.030278 0.019319
0 0.935874 0.931172 0.031124 0.018518
0 0.974474 0.527357 0.044221 0.023620
0 0.959458 0.912788 0.033943 0.018743
0 0.929778 0.967497 0.029301 0.018462
0 0.941020 0.949364 0.030135 0.017346
0 0.945079 0.752637 0.031636 0.018838
0 0.946262 0.794241 0.030223 0.019011
0 0.931864 0.452161 0.039293 0.022842
0 0.961719 0.774434 0.035304 0.020195
0 0.940425 0.574726 0.030746 0.021810
0 0.914559 0.892871 0.030344 0.018376
0 0.921412 0.873785 0.032088 0.019295
0 0.954171 0.550899 0.038047 0.021981
0 0.920088 0.621514 0.033240 0.023208
0 0.976576 0.348674 0.040023 0.023554
0 0.921017 0.986470 0.031269 0.018081
0 0.895717 0.666932 0.030314 0.021161
0 0.934656 0.853679 0.032678 0.019337
0 0.984004 0.106277 0.031992 0.025012
0 0.958941 0.376638 0.038778 0.023809
0 0.970755 0.476924 0.030786 0.023083
0 0.904101 0.645045 0.026857 0.021560
0 0.939690 0.597959 0.036625 0.022246
0 0.970325 0.710730 0.031584 0.020981
