0 0.489322 0.384528 0.034598 0.025091
0 0.497525 0.411580 0.027874 0.024276
0 0.496837 0.436840 0.032042 0.023682
0 0.500885 0.462583 0.031206 0.024268
0 0.401899 0.487275 0.030167 0.024175
0 0.399958 0.511738 0.029596 0.022643
0 0.399786 0.535360 0.029937 0.022726
0 0.396897 0.559717 0.035865 0.022718
0 0.383768 0.583317 0.032042 0.023085
0 0.367603 0.606692 0.030345 0.022930
0 0.283361 0.628451 0.025053 0.021616
0 0.285647 0.651139 0.026675 0.021194
0 0.283567 0.672840 0.028828 0.020711
0 0.276506 0.693970 0.019011 0.019470
0 0.376772 0.715667 0.034071 0.020154
0 0.366815 0.736858 0.024093 0.019616
0 0.351699 0.757469 0.022920 0.019386
0 0.338914 0.778555 0.030546 0.020326
0 0.329656 0.798873 0.022427 0.018252
0 0.448450 0.818359 0.026434 0.017706
0 0.438935 0.837626 0.027862 0.018913
0 0.424902 0.857748 0.022868 0.019145
0 0.422775 0.876936 0.024959 0.017714
0 0.403530 0.895311 0.022866 0.016697
0 0.341612 0.914805 0.023827 0.017934
0 0.325003 0.933111 0.021283 0.017546
0 0.319437 0.951686 0.022085 0.016829
0 0.327838 0.969893 0.023048 0.017892
0 0.335621 0.987849 0.022210 0.017134
