0 0.609568 0.318170 0.021182 0.016025
0 0.606202 0.333021 0.020408 0.013458
0 0.611246 0.347228 0.015149 0.009635
0 0.624459 0.376931 0.020102 0.012909
0 0.631901 0.445149 0.016920 0.012318
0 0.649772 0.492752 0.009632 0.005175
0 0.629329 0.512085 0.026801 0.017748
0 0.562913 0.535268 0.015707 0.011008
0 0.561146 0.547534 0.012349 0.008583
0 0.546418 0.559273 0.015253 0.010942
0 0.543640 0.571329 0.014187 0.011810
0 0.560011 0.584035 0.012821 0.008755
0 0.542980 0.595808 0.014618 0.012106
0 0.563863 0.608546 0.014419 0.008009
0 0.534727 0.620096 0.018902 0.011931
0 0.526653 0.631488 0.016145 0.010744
0 0.522733 0.643463 0.016171 0.011764
0 0.520643 0.655304 0.015750 0.010807
0 0.519578 0.666470 0.015238 0.010424
0 0.514499 0.678103 0.018013 0.011632
0 0.510316 0.689867 0.016556 0.011159
0 0.506511 0.702433 0.010097 0.006731
0 0.500443 0.720427 0.009772 0.006382
0 0.472334 0.733915 0.014623 0.010998
0 0.469781 0.745146 0.016555 0.011035
0 0.468341 0.755895 0.011666 0.008497
0 0.461720 0.766389 0.016149 0.010103
0 0.453860 0.777360 0.016497 0.010842
0 0.448163 0.788326 0.014019 0.010370
0 0.448077 0.798451 0.013963 0.010256
0 0.004014 0.804822 0.008028 0.009408
0 0.442335 0.808893 0.016863 0.010139
0 0.435557 0.819367 0.011879 0.009141
0 0.445503 0.829633 0.012739 0.010235
0 0.440799 0.840131 0.014781 0.010194
0 0.402662 0.920010 0.013135 0.009825
0 0.407999 0.929379 0.013300 0.009949
0 0.403616 0.958438 0.011642 0.009206
0 0.399489 0.977203 0.011509 0.008406
0 0.585362 0.521453 0.022783 0.012336
0 0.636542 0.471102 0.021386 0.014967
0 0.634234 0.456711 0.025517 0.009978
0 0.646142 0.432053 0.021142 0.014008
0 0.639459 0.417373 0.017011 0.014200
0 0.641038 0.403749 0.020170 0.011897
0 0.624999 0.391180 0.023087 0.014008
0 0.622447 0.362397 0.024788 0.015159
0 0.602885 0.302239 0.021142 0.015735
0 0.604950 0.287464 0.021386 0.013816
0 0.599725 0.272497 0.019198 0.016119
0 0.624999 0.256378 0.024545 0.017654
0 0.628644 0.239491 0.024059 0.014200
0 0.685510 0.223661 0.032321 0.021300
0 0.609446 0.201497 0.023573 0.021108
0 0.618924 0.184131 0.025031 0.015927
0 0.623784 0.166286 0.026975 0.017462
0 0.618924 0.147864 0.024545 0.016311
0 0.618316 0.130690 0.031106 0.015735
0 0.600576 0.113804 0.021386 0.018038
0 0.593893 0.096150 0.023573 0.016503
0 0.610540 0.077728 0.030620 0.018805
0 0.603371 0.060650 0.026003 0.018038
0 0.438842 0.849321 0.015568 0.008605
0 0.435469 0.859701 0.015395 0.010790
0 0.431750 0.869740 0.017989 0.010107
0 0.428117 0.879779 0.021795 0.009971
0 0.423015 0.889477 0.018854 0.009424
0 0.420074 0.900198 0.013665 0.009288
0 0.417566 0.910510 0.011070 0.009971
0 0.408485 0.938373 0.020930 0.008605
0 0.407020 0.948596 0.014755 0.008433
0 0.403226 0.967460 0.015037 0.009099
