0 0.734754 0.986245 0.028358 0.015311
0 0.727967 0.968829 0.022541 0.017225
0 0.722514 0.950743 0.022784 0.015885
0 0.600260 0.932514 0.021794 0.019360
0 0.600600 0.913154 0.021794 0.018284
0 0.592768 0.893660 0.021113 0.016402
0 0.605538 0.875914 0.020772 0.017477
0 0.611667 0.856689 0.022134 0.018284
0 0.771033 0.835447 0.020091 0.015595
0 0.785335 0.816625 0.023496 0.016671
0 0.798956 0.797400 0.021453 0.019091
0 0.802702 0.777637 0.023496 0.018284
0 0.796742 0.756799 0.027923 0.020704
0 0.801680 0.735288 0.024858 0.020704
0 0.807980 0.714315 0.027242 0.022855
0 0.805085 0.691729 0.025539 0.020704
0 0.768309 0.671563 0.028945 0.021242
0 0.875744 0.649784 0.036096 0.022855
0 0.742769 0.625987 0.033031 0.022048
0 0.765925 0.602191 0.030307 0.022855
0 0.748388 0.578261 0.028604 0.023393
0 0.819217 0.554196 0.032009 0.022586
