0 0.546197 0.200764 0.043588 0.025303
0 0.552778 0.227631 0.044053 0.024265
0 0.552677 0.253078 0.044474 0.023691
0 0.550881 0.278353 0.041793 0.024563
0 0.550808 0.303634 0.041566 0.022632
0 0.560775 0.326611 0.042762 0.022382
0 0.562056 0.350278 0.041614 0.022096
0 0.555396 0.372759 0.040974 0.022212
0 0.570332 0.395414 0.044674 0.021964
0 0.553755 0.417892 0.044501 0.021629
0 0.557526 0.439143 0.041992 0.020683
0 0.545761 0.460367 0.040027 0.020845
0 0.546728 0.481907 0.040121 0.020414
0 0.542950 0.504126 0.044248 0.023049
0 0.492876 0.523145 0.037964 0.020198
0 0.501725 0.543616 0.038736 0.019313
0 0.510947 0.563554 0.033514 0.018992
0 0.526023 0.583521 0.038836 0.019292
0 0.531166 0.603533 0.038063 0.019361
0 0.523151 0.623177 0.035278 0.019141
0 0.519393 0.642693 0.035127 0.018632
0 0.527500 0.661582 0.033525 0.018218
0 0.536306 0.680065 0.032970 0.018006
0 0.552319 0.698389 0.032694 0.017402
0 0.571549 0.716854 0.031196 0.018093
0 0.573934 0.735341 0.032559 0.017502
0 0.568512 0.752758 0.029806 0.017495
0 0.575397 0.771115 0.036088 0.017699
0 0.572278 0.788765 0.031686 0.016830
0 0.574971 0.805889 0.030189 0.016639
0 0.579367 0.822620 0.030745 0.016722
0 0.579189 0.839390 0.029641 0.016334
0 0.579762 0.856148 0.031761 0.016751
0 0.595332 0.872818 0.030307 0.016531
0 0.592946 0.888958 0.030111 0.016114
0 0.590735 0.905183 0.032987 0.016056
0 0.600648 0.921186 0.037707 0.015955
0 0.575431 0.937503 0.032727 0.016367
0 0.553047 0.952837 0.031619 0.015310
0 0.552078 0.968865 0.036636 0.016207
0 0.538775 0.984194 0.029334 0.014648
0 0.537269 0.995827 0.028954 0.007964
