0 0.441444 0.849670 0.012794 0.009859
0 0.437949 0.860138 0.014863 0.010741
0 0.434515 0.869569 0.015015 0.011255
0 0.432740 0.879972 0.013392 0.010647
0 0.427328 0.889927 0.013335 0.009595
0 0.425654 0.900314 0.011673 0.011014
0 0.406783 0.919526 0.013827 0.010970
0 0.404665 0.967896 0.011365 0.011359
0 0.447366 0.829525 0.013629 0.011307
0 0.443915 0.839197 0.019495 0.008582
0 0.419638 0.909859 0.010540 0.008544
0 0.410704 0.929347 0.012043 0.008418
0 0.409223 0.938311 0.012636 0.007951
0 0.406262 0.948445 0.012636 0.009510
0 0.405965 0.957331 0.013623 0.007327
0 0.402676 0.976873 0.014474 0.007213
0 0.436621 0.818889 0.014165 0.008948
0 0.441658 0.808076 0.011647 0.009445
0 0.448583 0.797264 0.012906 0.010191
0 0.450078 0.786700 0.013693 0.009942
