0 0.650347 0.407574 0.037493 0.022410
0 0.671996 0.433262 0.032427 0.023261
0 0.674819 0.458377 0.035219 0.023688
0 0.665700 0.506747 0.036949 0.022203
0 0.819380 0.553388 0.027498 0.019253
0 0.745978 0.578856 0.028960 0.020782
0 0.761492 0.603222 0.040266 0.022303
0 0.739430 0.625087 0.028673 0.019870
0 0.878273 0.649077 0.023488 0.017771
0 0.763670 0.667837 0.021600 0.016339
0 0.802283 0.713743 0.029661 0.019699
0 0.798818 0.734391 0.028730 0.019162
0 0.794179 0.756271 0.031874 0.020391
0 0.802596 0.776746 0.024367 0.019620
0 0.799002 0.796244 0.025088 0.018109
0 0.787750 0.817323 0.031839 0.019040
0 0.770547 0.835750 0.028938 0.016789
0 0.612535 0.856748 0.029061 0.020188
0 0.602870 0.875972 0.027485 0.017985
0 0.592255 0.893942 0.022439 0.018408
0 0.599542 0.913402 0.023142 0.019602
0 0.599204 0.932698 0.024384 0.018563
0 0.725593 0.952420 0.024243 0.017033
0 0.726918 0.969974 0.023141 0.017893
0 0.732489 0.989180 0.027257 0.018472
0 0.666639 0.482737 0.028775 0.025294
