0 0.890637 0.596140 0.032170 0.023165
0 0.786046 0.832511 0.026507 0.018214
0 0.776685 0.871271 0.028301 0.018683
0 0.826569 0.793236 0.034951 0.019589
0 0.895574 0.619939 0.033168 0.021945
0 0.747294 0.927414 0.029031 0.018156
0 0.891504 0.643947 0.031246 0.022145
0 0.759672 0.964982 0.028089 0.017988
0 0.753785 0.946250 0.026307 0.017455
0 0.780654 0.851596 0.025879 0.018389
0 0.958148 0.400770 0.036615 0.021809
0 0.888808 0.572904 0.031007 0.021576
0 0.902345 0.475654 0.041407 0.023632
0 0.810103 0.813213 0.030622 0.019752
0 0.881017 0.664824 0.027358 0.019258
0 0.827890 0.772364 0.024892 0.019427
0 0.949499 0.376881 0.044162 0.026301
0 0.898691 0.450563 0.037391 0.022284
0 0.722739 0.908298 0.023382 0.017481
0 0.881708 0.501133 0.033872 0.023763
0 0.762426 0.891338 0.027319 0.019057
0 0.864957 0.525361 0.030187 0.020680
0 0.865198 0.730583 0.030594 0.018987
0 0.878018 0.708955 0.029329 0.019928
0 0.738986 0.985042 0.025159 0.019161
0 0.901083 0.549308 0.040090 0.023265
0 0.894804 0.427644 0.040090 0.023265
0 0.958320 0.351176 0.056995 0.026697
