0 0.447740 0.710416 0.025759 0.017145
0 0.507227 0.258739 0.035735 0.022943
0 0.398932 0.909434 0.023746 0.016209
0 0.439763 0.692134 0.026298 0.017669
0 0.425555 0.580161 0.028368 0.018650
0 0.498397 0.210031 0.031684 0.022472
0 0.409295 0.862263 0.025574 0.016630
0 0.430705 0.419069 0.034597 0.020516
0 0.409273 0.829637 0.025981 0.016686
0 0.418914 0.780373 0.027171 0.016514
0 0.438312 0.397246 0.032576 0.020770
0 0.408873 0.813283 0.024714 0.015683
0 0.503976 0.233879 0.033353 0.023393
0 0.412720 0.956034 0.024276 0.014747
0 0.493177 0.077850 0.037673 0.027335
0 0.423560 0.656429 0.024712 0.017541
0 0.401867 0.893880 0.024412 0.015453
0 0.429659 0.375701 0.031434 0.021220
0 0.485646 0.283149 0.033610 0.022236
0 0.423836 0.560758 0.026740 0.018903
0 0.440299 0.618203 0.028901 0.019198
0 0.489878 0.330983 0.029792 0.021417
0 0.509769 0.158702 0.036848 0.025743
0 0.435743 0.637421 0.029989 0.017994
0 0.447553 0.728341 0.024518 0.016452
0 0.432791 0.674231 0.026443 0.017748
0 0.436404 0.481081 0.032910 0.021004
0 0.436047 0.598594 0.030616 0.019233
0 0.410733 0.940771 0.021756 0.014875
0 0.420042 0.541629 0.026939 0.018588
0 0.482390 0.307198 0.031549 0.022730
0 0.431407 0.763210 0.027610 0.017631
0 0.424192 0.439768 0.030980 0.019476
0 0.413724 0.925280 0.020099 0.015060
0 0.420788 0.521739 0.030594 0.019679
0 0.403024 0.878480 0.024312 0.015465
0 0.513475 0.185278 0.043481 0.026167
0 0.445931 0.745714 0.027780 0.017444
0 0.411619 0.845742 0.024946 0.016382
0 0.410313 0.797340 0.023663 0.016133
0 0.427381 0.460054 0.027948 0.019520
0 0.501414 0.104704 0.037427 0.025982
0 0.427031 0.501914 0.026964 0.018777
0 0.406988 0.970768 0.018972 0.015505
0 0.408110 0.983251 0.017047 0.009002
0 0.492179 0.351963 0.029927 0.019866
0 0.502357 0.132536 0.034966 0.026520
