0 0.584531 0.087727 0.024530 0.016400
0 0.587178 0.106737 0.028134 0.018386
0 0.600504 0.195119 0.026396 0.017411
0 0.677055 0.216337 0.021376 0.015151
0 0.619384 0.234354 0.018027 0.013952
0 0.591671 0.266668 0.013000 0.009886
0 0.599829 0.283205 0.025477 0.014469
0 0.594454 0.298108 0.022199 0.015131
0 0.599619 0.313534 0.022470 0.014865
0 0.596064 0.328292 0.019605 0.013830
0 0.601865 0.343322 0.019644 0.014174
0 0.615562 0.358133 0.017879 0.013494
0 0.614111 0.372695 0.019370 0.013702
0 0.614937 0.386492 0.018133 0.013480
0 0.630006 0.400792 0.016139 0.011949
0 0.630644 0.413816 0.019117 0.013972
0 0.637160 0.428279 0.019877 0.011226
0 0.623438 0.440623 0.018649 0.012918
0 0.627156 0.454216 0.018332 0.012748
0 0.627723 0.467954 0.018385 0.013847
0 0.644592 0.481795 0.015907 0.011724
0 0.639469 0.493096 0.016816 0.011273
0 0.625242 0.505007 0.019409 0.011623
0 0.556255 0.531269 0.017525 0.013229
0 0.553955 0.543539 0.020082 0.011457
0 0.541054 0.555818 0.019367 0.012393
0 0.536594 0.568212 0.019074 0.012463
0 0.553388 0.580933 0.018466 0.011887
0 0.535487 0.593116 0.015929 0.012119
0 0.557143 0.605648 0.011228 0.008329
0 0.527491 0.616821 0.019435 0.012070
0 0.519007 0.628724 0.016573 0.010968
0 0.516286 0.640553 0.017317 0.011307
0 0.514661 0.652901 0.017549 0.011463
0 0.513719 0.664338 0.019501 0.011116
0 0.508058 0.676085 0.019663 0.012090
0 0.502915 0.687849 0.016663 0.010837
0 0.500837 0.698515 0.016657 0.010656
0 0.499845 0.709403 0.019049 0.010932
0 0.493058 0.720265 0.016185 0.009142
0 0.465858 0.732176 0.016526 0.011433
0 0.464479 0.742909 0.017684 0.011354
0 0.461310 0.754020 0.019595 0.010336
0 0.457492 0.764938 0.019288 0.010141
0 0.450071 0.775663 0.018167 0.010974
0 0.442992 0.786295 0.016187 0.010661
0 0.442486 0.797221 0.015922 0.010455
0 0.437137 0.807881 0.018179 0.009944
0 0.430000 0.817614 0.014114 0.010331
0 0.439516 0.827956 0.019734 0.009577
0 0.436139 0.838697 0.017446 0.011115
0 0.433399 0.849173 0.016114 0.010086
0 0.429598 0.859055 0.015861 0.009567
0 0.425807 0.869077 0.016538 0.010152
0 0.423009 0.879239 0.016011 0.010147
0 0.419322 0.889968 0.015601 0.009841
0 0.416160 0.899224 0.013815 0.009057
0 0.414231 0.908639 0.015972 0.009499
0 0.400274 0.918611 0.013446 0.009946
0 0.403659 0.928590 0.013716 0.009777
0 0.402748 0.938737 0.015589 0.009739
0 0.401160 0.948288 0.015604 0.009615
0 0.398699 0.958313 0.013444 0.008470
0 0.397858 0.967166 0.013588 0.008575
0 0.397660 0.977070 0.012329 0.008591
0 0.612069 0.252759 0.031609 0.020237
0 0.579282 0.518731 0.025892 0.012511
0 0.609644 0.178135 0.026051 0.015666
0 0.612663 0.160221 0.035884 0.019071
0 0.608264 0.142104 0.026051 0.016074
0 0.601449 0.125007 0.024153 0.015393
0 0.597067 0.069663 0.031924 0.015845
0 0.588554 0.051178 0.035573 0.019206
