0 0.554670 0.946641 0.015063 0.011290
0 0.606118 0.912420 0.017829 0.010293
0 0.603282 0.923634 0.017984 0.010985
0 0.584741 0.968779 0.015862 0.011342
0 0.580050 0.979804 0.019328 0.010803
0 0.555702 0.854734 0.018007 0.011862
0 0.586827 0.957208 0.019202 0.011518
0 0.612629 0.818769 0.018204 0.012180
0 0.731714 0.830372 0.019530 0.012564
0 0.734731 0.844746 0.028138 0.016675
0 0.609268 0.901024 0.017021 0.011340
0 0.586753 0.806379 0.018250 0.013443
0 0.640158 0.866047 0.012850 0.012316
0 0.598380 0.935679 0.017613 0.011825
0 0.556402 0.889900 0.018490 0.011464
0 0.656613 0.879204 0.015837 0.013771
0 0.578369 0.989522 0.013441 0.010315
