0 0.510168 0.517811 0.032691 0.023482
0 0.498344 0.543753 0.030810 0.018939
0 0.486335 0.564666 0.031291 0.022264
0 0.476365 0.588033 0.026176 0.022592
0 0.487853 0.611883 0.029861 0.022125
0 0.485611 0.634128 0.027965 0.020600
0 0.491810 0.657017 0.021757 0.020971
0 0.484538 0.679843 0.021763 0.017711
0 0.476874 0.699981 0.026441 0.021622
0 0.422527 0.721271 0.024069 0.019733
0 0.416851 0.741515 0.025807 0.020220
0 0.464600 0.763240 0.025025 0.019767
0 0.460397 0.782879 0.024671 0.018684
0 0.462432 0.802535 0.026999 0.018575
0 0.459751 0.821774 0.025749 0.016934
0 0.425524 0.841786 0.031266 0.019181
0 0.416499 0.861351 0.021422 0.018435
0 0.419210 0.880436 0.024272 0.017931
0 0.416486 0.899209 0.018058 0.018104
0 0.440796 0.918037 0.024092 0.018029
0 0.438361 0.936032 0.025270 0.016654
0 0.418593 0.954067 0.022076 0.018179
0 0.421816 0.972487 0.022357 0.016433
