0 0.864626 0.404942 0.036176 0.024383
0 0.834303 0.431326 0.034290 0.024372
0 0.842082 0.457942 0.036600 0.023331
0 0.814953 0.481808 0.042293 0.024041
0 0.795516 0.507050 0.028953 0.022370
0 0.847641 0.530541 0.031827 0.019813
0 0.762507 0.553990 0.032691 0.020747
0 0.744431 0.579401 0.031127 0.021920
0 0.764067 0.601403 0.030655 0.020764
0 0.739267 0.625341 0.026661 0.019969
0 0.876917 0.647634 0.028217 0.018310
0 0.763437 0.668931 0.024077 0.017603
0 0.800731 0.692552 0.027464 0.020954
0 0.802124 0.713009 0.025837 0.018416
0 0.797168 0.733680 0.027128 0.018752
0 0.794566 0.756820 0.034932 0.020386
0 0.801913 0.776682 0.025740 0.017809
0 0.798281 0.795572 0.027985 0.018308
0 0.785528 0.818093 0.030070 0.019817
0 0.771407 0.836536 0.023068 0.016350
0 0.612656 0.856193 0.025701 0.018893
0 0.601444 0.875878 0.025261 0.017987
0 0.591092 0.894272 0.023031 0.018054
0 0.597529 0.913524 0.025179 0.017829
0 0.597606 0.932298 0.024190 0.018497
0 0.723016 0.951621 0.027155 0.017296
0 0.723396 0.969592 0.026454 0.018091
0 0.730611 0.988992 0.025855 0.018616
