0 0.499800 0.850950 0.026066 0.017213
0 0.505984 0.867030 0.024136 0.015892
0 0.435275 0.960638 0.019902 0.014964
0 0.367474 0.752067 0.024482 0.016971
0 0.363098 0.768206 0.024862 0.016481
0 0.510514 0.882254 0.020462 0.015146
0 0.293818 0.697296 0.027299 0.018606
0 0.372093 0.784551 0.017037 0.015375
0 0.494489 0.817959 0.027596 0.016759
0 0.494636 0.801713 0.024782 0.017328
0 0.424943 0.930276 0.020559 0.014674
0 0.429734 0.945548 0.021923 0.014339
0 0.416446 0.898875 0.021842 0.015937
0 0.497012 0.834573 0.026252 0.016621
0 0.299103 0.715028 0.018205 0.017566
0 0.376046 0.732973 0.029130 0.016809
0 0.417285 0.914652 0.033774 0.015012
0 0.434926 0.975058 0.027442 0.013820
