0 0.313969 0.125375 0.035012 0.024986
0 0.498361 0.235446 0.032962 0.022173
0 0.492249 0.270798 0.042241 0.029449
0 0.479058 0.300039 0.036426 0.028689
0 0.462922 0.327417 0.036369 0.026192
0 0.449636 0.353631 0.032129 0.025641
0 0.451459 0.379962 0.031894 0.024399
0 0.452977 0.407603 0.035118 0.025525
0 0.437672 0.432780 0.036437 0.024013
0 0.424203 0.458307 0.033452 0.023449
0 0.400355 0.485711 0.032420 0.022548
0 0.400110 0.510976 0.032265 0.022327
0 0.400100 0.534541 0.028776 0.023113
0 0.398405 0.558836 0.034452 0.022511
0 0.383406 0.583149 0.032387 0.023002
0 0.368600 0.605990 0.029929 0.023467
0 0.285378 0.628002 0.025673 0.021670
0 0.287101 0.650847 0.023098 0.021033
0 0.283565 0.672568 0.029294 0.021034
0 0.276233 0.693932 0.025004 0.019646
0 0.378117 0.715559 0.038298 0.019637
0 0.365888 0.736641 0.029732 0.019709
0 0.350481 0.757334 0.024443 0.019560
0 0.338549 0.778663 0.029504 0.020679
0 0.330185 0.798405 0.023690 0.018859
0 0.448668 0.817990 0.024574 0.017463
0 0.439593 0.837818 0.025999 0.019291
0 0.423959 0.857904 0.023491 0.018440
0 0.421759 0.876427 0.027005 0.017771
0 0.404013 0.895833 0.022385 0.017065
0 0.341747 0.914828 0.023407 0.018132
0 0.325383 0.933380 0.023011 0.018024
0 0.320122 0.951503 0.022069 0.016928
0 0.327192 0.969513 0.024475 0.018023
0 0.336804 0.987727 0.018685 0.017096
