0 0.548062 0.247315 0.028424 0.015129
0 0.523428 0.311499 0.025806 0.014189
0 0.512797 0.325975 0.022487 0.014543
0 0.518446 0.341186 0.029386 0.016529
0 0.511717 0.356293 0.020289 0.013591
0 0.508318 0.369803 0.016443 0.009912
0 0.539101 0.397751 0.022687 0.014172
0 0.582210 0.411846 0.017291 0.012246
0 0.580527 0.426072 0.022912 0.015050
0 0.577701 0.440833 0.020737 0.012842
0 0.572633 0.454245 0.017925 0.012250
0 0.567864 0.465004 0.022538 0.011677
0 0.559118 0.478818 0.023248 0.013945
0 0.564015 0.492448 0.022223 0.013771
0 0.561606 0.505508 0.020288 0.012356
0 0.502168 0.517060 0.019143 0.012464
0 0.499571 0.529437 0.019246 0.011984
0 0.501760 0.541882 0.022986 0.013225
0 0.503018 0.555416 0.023422 0.014081
0 0.461044 0.567185 0.017230 0.012056
0 0.456502 0.579786 0.020762 0.012365
0 0.451504 0.591845 0.018071 0.011057
0 0.444765 0.603697 0.020228 0.012198
0 0.436034 0.615979 0.019635 0.011828
0 0.424610 0.628248 0.017047 0.011620
0 0.576065 0.640518 0.011815 0.008900
0 0.572862 0.653281 0.017365 0.011975
0 0.565405 0.665259 0.017458 0.010647
0 0.561095 0.676414 0.015256 0.010727
0 0.563076 0.687116 0.014563 0.009872
0 0.509835 0.699100 0.016383 0.011426
0 0.500372 0.710038 0.015261 0.010169
0 0.493382 0.720806 0.017047 0.010609
0 0.490964 0.732464 0.017206 0.011600
0 0.491669 0.744227 0.015814 0.010962
0 0.517084 0.755395 0.013898 0.011089
0 0.515494 0.766244 0.013682 0.010117
0 0.514250 0.776866 0.015702 0.010702
0 0.509300 0.788293 0.016593 0.011106
0 0.505560 0.799023 0.014530 0.010664
0 0.501397 0.809485 0.016204 0.009908
0 0.492078 0.820510 0.014118 0.010120
0 0.491991 0.830187 0.014618 0.010205
0 0.494123 0.840055 0.012846 0.008913
0 0.443588 0.850786 0.012915 0.010122
0 0.420868 0.860653 0.013662 0.009635
0 0.436069 0.871361 0.015613 0.010261
0 0.429862 0.882090 0.013589 0.010066
0 0.429032 0.891395 0.014203 0.009658
0 0.418998 0.901728 0.014942 0.010003
0 0.407521 0.911401 0.012606 0.009590
0 0.408765 0.921440 0.013543 0.009879
0 0.406891 0.931708 0.014267 0.009832
0 0.405454 0.941125 0.013510 0.009548
0 0.423623 0.951362 0.012819 0.010165
0 0.437034 0.960857 0.011731 0.009478
0 0.433284 0.970263 0.012222 0.009064
0 0.419293 0.979862 0.011605 0.008973
0 0.414045 0.988899 0.014707 0.008764
0 0.472754 0.263838 0.032935 0.016983
0 0.540639 0.280025 0.032935 0.012207
0 0.524844 0.295416 0.028230 0.013268
0 0.507599 0.383655 0.025246 0.015005
0 0.403997 0.997041 0.011804 0.005918
