0 0.433259 0.623878 0.029125 0.021507
0 0.431318 0.646348 0.032160 0.021222
0 0.423157 0.668563 0.026165 0.019367
0 0.460144 0.689296 0.024987 0.017757
0 0.437405 0.752798 0.023891 0.018477
0 0.438044 0.773299 0.022277 0.019258
0 0.435873 0.793321 0.025721 0.018376
0 0.426542 0.812932 0.024680 0.018237
0 0.426057 0.831676 0.023315 0.017514
0 0.401522 0.851758 0.024983 0.017699
0 0.396153 0.870467 0.022688 0.017789
0 0.399713 0.889435 0.023882 0.017413
0 0.392258 0.907714 0.026728 0.016959
0 0.369752 0.926108 0.027187 0.017036
0 0.356144 0.944381 0.023216 0.017379
0 0.429554 0.711914 0.026791 0.021155
0 0.381140 0.962254 0.016174 0.019096
0 0.389920 0.977336 0.016482 0.010338
0 0.445255 0.733158 0.023749 0.020417
