0 0.594747 0.052055 0.026759 0.017587
0 0.598266 0.106765 0.034183 0.019146
0 0.611396 0.125728 0.025357 0.017387
0 0.610892 0.142178 0.026817 0.015847
0 0.620631 0.160253 0.025216 0.020002
0 0.604314 0.315011 0.022171 0.016645
0 0.634692 0.401116 0.022011 0.012920
0 0.630446 0.441590 0.017900 0.015262
0 0.632381 0.468568 0.014855 0.014773
0 0.643250 0.493980 0.024120 0.013007
0 0.560949 0.531486 0.019811 0.013345
0 0.556053 0.547565 0.028255 0.017698
0 0.543687 0.568972 0.015940 0.012738
0 0.541697 0.594443 0.015786 0.012567
0 0.521686 0.642498 0.023747 0.013326
0 0.527753 0.668199 0.030268 0.017768
0 0.509990 0.687447 0.029116 0.014274
0 0.533899 0.617222 0.018971 0.011540
0 0.527013 0.629206 0.013912 0.009987
0 0.556506 0.580837 0.015037 0.011651
0 0.504353 0.699351 0.021922 0.009876
0 0.470231 0.731785 0.021546 0.010560
0 0.467259 0.742736 0.021051 0.010169
0 0.449456 0.775012 0.018559 0.010289
0 0.468014 0.753889 0.029220 0.010445
0 0.460907 0.764411 0.022112 0.009354
0 0.446692 0.785379 0.016979 0.009198
0 0.444806 0.796863 0.013491 0.011762
0 0.439607 0.808015 0.015458 0.009654
0 0.433986 0.817835 0.012929 0.008877
0 0.443050 0.828488 0.013350 0.009987
0 0.439707 0.837612 0.015739 0.007767
0 0.434788 0.848098 0.014615 0.008766
0 0.432680 0.858917 0.013210 0.009987
0 0.429237 0.869054 0.012868 0.009604
0 0.426064 0.878936 0.013926 0.009326
0 0.424478 0.889306 0.015336 0.009743
0 0.420050 0.898732 0.012226 0.009099
0 0.417380 0.908497 0.013350 0.008211
0 0.400165 0.918539 0.014615 0.009876
0 0.406559 0.928581 0.014193 0.009321
0 0.406489 0.938235 0.014334 0.009321
0 0.404030 0.947389 0.013069 0.009432
0 0.402976 0.957376 0.016301 0.009654
0 0.401781 0.966753 0.014474 0.009321
0 0.398268 0.976573 0.013912 0.008322
0 0.578548 0.518105 0.021641 0.010874
0 0.627944 0.507619 0.015599 0.013427
0 0.653188 0.480475 0.019955 0.011762
0 0.630476 0.454251 0.024171 0.012095
0 0.640875 0.427176 0.017988 0.011651
0 0.636378 0.414359 0.017426 0.012428
0 0.620358 0.386064 0.013772 0.013094
0 0.620217 0.372193 0.021922 0.012872
0 0.622817 0.358156 0.020377 0.014980
0 0.606726 0.343842 0.018269 0.012761
0 0.600684 0.328973 0.015739 0.013205
0 0.599278 0.298847 0.019674 0.013759
0 0.600824 0.283423 0.019112 0.015535
0 0.595484 0.266334 0.013772 0.014425
0 0.618601 0.251354 0.021220 0.015757
0 0.623590 0.235154 0.025295 0.014425
0 0.606668 0.197212 0.015177 0.019086
0 0.679671 0.217046 0.031453 0.018187
0 0.614709 0.178577 0.023100 0.016369
0 0.586883 0.087609 0.021360 0.015313
0 0.600655 0.069800 0.016863 0.016977
0 0.559184 0.606559 0.016041 0.012527
0 0.492166 0.720996 0.020730 0.010913
0 0.499767 0.710161 0.021718 0.010445
