0 0.504195 0.208344 0.031529 0.023802
0 0.429837 0.500468 0.028461 0.019224
0 0.410920 0.861519 0.022791 0.016432
0 0.410837 0.812410 0.025147 0.016213
0 0.493935 0.330253 0.033061 0.021200
0 0.448539 0.709366 0.026243 0.018123
0 0.439417 0.691368 0.022858 0.017700
0 0.439832 0.396627 0.030385 0.019857
0 0.404510 0.878277 0.023586 0.015888
0 0.403381 0.893672 0.023176 0.015786
0 0.487091 0.307094 0.032000 0.021888
0 0.411040 0.828775 0.023494 0.016445
0 0.426766 0.438540 0.036192 0.020580
0 0.421044 0.779937 0.024930 0.016692
0 0.436115 0.598344 0.031194 0.019369
0 0.414071 0.925395 0.017523 0.015239
0 0.449167 0.727958 0.023273 0.017408
0 0.431117 0.762140 0.025010 0.016545
0 0.413987 0.796084 0.025061 0.016557
0 0.413969 0.955347 0.018609 0.015016
0 0.509445 0.233188 0.034329 0.024046
0 0.426205 0.655510 0.025751 0.017826
0 0.422929 0.541025 0.029551 0.019125
0 0.434202 0.673300 0.026248 0.018110
0 0.410246 0.939899 0.022055 0.015351
0 0.414301 0.845321 0.022301 0.016207
0 0.438379 0.479406 0.032957 0.020069
0 0.424383 0.521108 0.029958 0.019717
0 0.438561 0.636532 0.031341 0.016804
0 0.426710 0.579724 0.029296 0.018825
0 0.506552 0.258435 0.039709 0.022639
0 0.441285 0.617867 0.027609 0.017963
0 0.436990 0.418602 0.032765 0.020897
0 0.407984 0.970153 0.017078 0.015271
0 0.398090 0.908984 0.023440 0.016481
0 0.506246 0.212456 0.026408 0.017507
0 0.436349 0.374911 0.031947 0.022121
0 0.424178 0.560385 0.033313 0.019908
0 0.489370 0.282918 0.031914 0.023337
0 0.448227 0.745040 0.028583 0.017497
0 0.518419 0.184234 0.041663 0.026523
0 0.513289 0.159628 0.034097 0.027033
0 0.492771 0.076702 0.027742 0.028595
0 0.504381 0.104582 0.033472 0.027641
0 0.507246 0.131388 0.027742 0.026449
0 0.490358 0.352040 0.031362 0.020254
0 0.430049 0.460460 0.027139 0.020731
0 0.407621 0.985586 0.023593 0.013648
