0 0.596188 0.700898 0.033507 0.017617
0 0.581308 0.442496 0.044081 0.020825
0 0.586384 0.421412 0.043235 0.020409
0 0.585337 0.772292 0.037266 0.017649
0 0.556350 0.873307 0.033185 0.016272
0 0.596937 0.484647 0.040186 0.020351
0 0.576680 0.566869 0.036558 0.019300
0 0.557247 0.840387 0.030891 0.016048
0 0.608909 0.719580 0.034710 0.018027
0 0.556907 0.807407 0.029372 0.016406
0 0.572636 0.546745 0.037128 0.020179
0 0.560939 0.968889 0.028025 0.015217
0 0.557815 0.823962 0.033297 0.016364
0 0.569840 0.790213 0.037570 0.017237
0 0.597909 0.399675 0.043582 0.022133
0 0.600084 0.625330 0.038373 0.020164
0 0.572752 0.526403 0.038575 0.019123
0 0.685822 0.207483 0.045472 0.022496
0 0.560757 0.937867 0.026221 0.015147
0 0.559977 0.856832 0.030858 0.016481
0 0.547315 0.889860 0.029760 0.016040
0 0.546471 0.906020 0.031983 0.016044
0 0.542576 0.921880 0.033218 0.015732
0 0.693298 0.258425 0.046894 0.023119
0 0.556806 0.953512 0.029161 0.015336
0 0.587592 0.682646 0.034051 0.017757
0 0.608089 0.737517 0.031368 0.017088
0 0.592754 0.605019 0.038038 0.019178
0 0.576260 0.664280 0.033156 0.017713
0 0.692256 0.232452 0.046151 0.023541
0 0.552112 0.984777 0.031216 0.015670
0 0.590979 0.645055 0.040685 0.018004
0 0.606692 0.754739 0.038534 0.016891
0 0.663818 0.282844 0.042785 0.022974
0 0.703133 0.183147 0.059445 0.024555
0 0.586903 0.376892 0.038956 0.021753
0 0.661191 0.307496 0.042026 0.023324
0 0.695365 0.155909 0.047177 0.027187
0 0.578288 0.586390 0.038393 0.018761
0 0.578444 0.506463 0.038190 0.019094
0 0.688041 0.128561 0.042195 0.026058
0 0.584519 0.463744 0.041358 0.019841
0 0.673566 0.072122 0.048314 0.027147
0 0.685848 0.100722 0.047931 0.027495
0 0.666569 0.331607 0.040696 0.020508
0 0.675676 0.353470 0.047232 0.021598
0 0.548214 0.996139 0.032386 0.007721
