0 0.595041 0.701149 0.033537 0.017205
0 0.586859 0.682910 0.036794 0.018005
0 0.570692 0.527855 0.039201 0.020343
0 0.584469 0.772325 0.038244 0.017052
0 0.574205 0.567505 0.036086 0.019721
0 0.580071 0.507291 0.037173 0.019542
0 0.575582 0.664792 0.033570 0.017276
0 0.575014 0.444830 0.038760 0.020472
0 0.561219 0.969051 0.028266 0.015107
0 0.594653 0.487042 0.044536 0.021874
0 0.556997 0.824312 0.032598 0.016403
0 0.586451 0.378676 0.037337 0.020987
0 0.556166 0.840644 0.031550 0.016453
0 0.599939 0.625899 0.037680 0.019401
0 0.591308 0.645965 0.040623 0.018494
0 0.609256 0.719587 0.034819 0.018020
0 0.585478 0.423572 0.044537 0.021599
0 0.560414 0.938123 0.026679 0.015615
0 0.606507 0.754823 0.038125 0.016864
0 0.569881 0.790585 0.036666 0.017280
0 0.557568 0.807727 0.030961 0.016377
0 0.690245 0.261437 0.048687 0.023120
0 0.555255 0.873579 0.032403 0.016641
0 0.607951 0.737732 0.029592 0.017008
0 0.547262 0.890306 0.030847 0.016499
0 0.541008 0.922389 0.033947 0.016458
0 0.560138 0.856847 0.031360 0.016561
0 0.592968 0.606295 0.037208 0.018847
0 0.695364 0.158175 0.051692 0.027095
0 0.682083 0.209772 0.046322 0.023154
0 0.546512 0.906311 0.030124 0.015620
0 0.596446 0.400830 0.043733 0.021681
0 0.555601 0.954082 0.031219 0.015514
0 0.571543 0.547936 0.037100 0.018885
0 0.576955 0.587028 0.037634 0.018665
0 0.552777 0.984586 0.029890 0.015024
0 0.578884 0.465241 0.037270 0.020420
0 0.667896 0.333183 0.044011 0.021826
0 0.684287 0.130296 0.044256 0.026061
0 0.665300 0.285390 0.047546 0.023120
0 0.686875 0.103133 0.053579 0.026649
0 0.688824 0.234492 0.049309 0.025128
0 0.655406 0.309779 0.043713 0.022674
0 0.671395 0.075168 0.048434 0.028224
0 0.551329 0.874659 0.029226 0.015852
0 0.706489 0.184178 0.070111 0.025055
0 0.668015 0.355917 0.042755 0.021169
