0 0.607221 0.891027 0.033397 0.016895
0 0.599454 0.907780 0.032608 0.016527
0 0.608712 0.736391 0.034892 0.017751
0 0.641442 0.790453 0.036812 0.017328
0 0.596041 0.923772 0.031312 0.015682
0 0.613379 0.858329 0.031602 0.017069
0 0.604420 0.754724 0.029721 0.017708
0 0.592928 0.939494 0.028421 0.016191
0 0.614217 0.718564 0.025092 0.017172
0 0.629412 0.807819 0.034635 0.016738
0 0.582930 0.970734 0.030180 0.015557
0 0.541926 0.677956 0.033441 0.021036
0 0.625882 0.824780 0.032240 0.016463
0 0.607336 0.874975 0.031999 0.015699
0 0.619645 0.841308 0.030836 0.016828
0 0.542953 0.699279 0.029229 0.017680
0 0.587257 0.955348 0.030864 0.015069
0 0.577765 0.986230 0.026458 0.014341
0 0.611704 0.772409 0.025277 0.016880
