0 0.934046 0.814629 0.031086 0.019792
0 0.932997 0.834329 0.028926 0.017907
0 0.938093 0.949459 0.026709 0.017511
0 0.933509 0.732101 0.034490 0.020261
0 0.943541 0.753035 0.034332 0.019501
0 0.933024 0.931250 0.029150 0.018389
0 0.927185 0.968012 0.024568 0.017889
0 0.944912 0.794394 0.030956 0.019435
0 0.929042 0.853846 0.028843 0.019041
0 0.956168 0.774300 0.048732 0.018729
0 0.918217 0.874585 0.034932 0.018388
0 0.910670 0.892633 0.031050 0.017707
0 0.954227 0.912554 0.038813 0.016686
0 0.918518 0.987932 0.033268 0.021318
0 0.971129 0.710692 0.043954 0.023646
