0 0.477321 0.261953 0.020001 0.016106
0 0.540354 0.277274 0.026139 0.016925
0 0.530329 0.292742 0.032730 0.015565
0 0.525281 0.307853 0.026153 0.015316
0 0.519429 0.322682 0.032631 0.016455
0 0.516663 0.337970 0.027826 0.015585
0 0.512295 0.353165 0.023651 0.015123
0 0.505819 0.366610 0.024560 0.014280
0 0.501750 0.382317 0.027820 0.017169
0 0.539878 0.395816 0.019159 0.014645
0 0.582822 0.410640 0.022025 0.014619
0 0.580001 0.424065 0.029375 0.015028
0 0.580299 0.438183 0.026284 0.013154
0 0.571746 0.451632 0.022102 0.013207
0 0.566031 0.464839 0.022320 0.013025
0 0.564138 0.478081 0.023379 0.013348
0 0.563781 0.491128 0.024361 0.012642
0 0.560481 0.505503 0.027852 0.017376
0 0.499425 0.515935 0.023464 0.013001
0 0.499041 0.528287 0.025298 0.012436
0 0.504702 0.541712 0.016890 0.012916
0 0.500367 0.556279 0.026928 0.016302
0 0.459736 0.565222 0.021321 0.013195
0 0.456545 0.578117 0.021005 0.012566
0 0.452516 0.590406 0.023370 0.011749
0 0.443363 0.602627 0.021834 0.011767
0 0.436743 0.614766 0.027582 0.013354
0 0.425745 0.627823 0.017849 0.011780
0 0.567116 0.664581 0.021099 0.012983
0 0.565398 0.675928 0.020557 0.011444
0 0.506944 0.697380 0.029163 0.012494
0 0.497975 0.709460 0.020916 0.011852
0 0.493617 0.719195 0.018505 0.011660
0 0.492536 0.731983 0.017370 0.012751
0 0.493861 0.743864 0.014912 0.011309
0 0.513695 0.776525 0.019523 0.011369
0 0.510445 0.787571 0.020040 0.011888
0 0.500707 0.801509 0.026864 0.016676
0 0.441902 0.849628 0.016329 0.011174
0 0.421785 0.859989 0.010203 0.010983
0 0.435078 0.870047 0.015693 0.010849
0 0.419037 0.901217 0.026657 0.011117
0 0.408434 0.910725 0.013176 0.010566
0 0.409107 0.920848 0.016956 0.011125
0 0.407177 0.940300 0.017536 0.011144
0 0.422597 0.950825 0.011823 0.010847
0 0.433707 0.969537 0.015633 0.010031
0 0.417423 0.978921 0.015154 0.010841
0 0.414884 0.988217 0.017905 0.009327
0 0.580865 0.639600 0.020530 0.010898
0 0.574999 0.651111 0.023980 0.010489
0 0.522046 0.754581 0.024975 0.009431
0 0.518110 0.764548 0.026332 0.009646
0 0.491913 0.819101 0.016288 0.009431
0 0.489877 0.829711 0.020903 0.009217
0 0.494492 0.839036 0.019274 0.007288
0 0.430197 0.880161 0.014716 0.011107
0 0.431170 0.889815 0.012335 0.008202
0 0.438949 0.959940 0.014193 0.009321
0 0.401397 0.996684 0.015005 0.006632
0 0.564648 0.686222 0.024687 0.008323
0 0.537915 0.245614 0.022785 0.016818
