0 0.574665 0.431731 0.018511 0.014121
0 0.562861 0.487747 0.019842 0.013857
0 0.457245 0.563097 0.019244 0.012815
0 0.454725 0.576314 0.023982 0.012208
0 0.448457 0.588402 0.018932 0.012432
0 0.441878 0.601367 0.025251 0.014426
0 0.433719 0.614084 0.021626 0.013538
0 0.571820 0.647943 0.024279 0.015182
0 0.564061 0.662701 0.019713 0.013276
0 0.560501 0.674502 0.016112 0.011430
0 0.492303 0.719561 0.015833 0.012576
0 0.490334 0.731301 0.015290 0.011564
0 0.490220 0.742795 0.013427 0.011394
0 0.507739 0.785843 0.018687 0.010533
0 0.490505 0.818134 0.018257 0.011797
0 0.490784 0.829221 0.016185 0.011196
0 0.419589 0.624680 0.018663 0.012057
0 0.497802 0.550238 0.021329 0.012057
0 0.499620 0.536937 0.019633 0.013780
0 0.493924 0.523731 0.019875 0.011483
0 0.494288 0.510717 0.018663 0.011483
0 0.556216 0.499521 0.026177 0.013206
0 0.568641 0.446040 0.015739 0.014314
0 0.563792 0.459411 0.018690 0.012650
0 0.558171 0.472504 0.015880 0.013094
0 0.559889 0.685193 0.014896 0.009765
0 0.507331 0.694902 0.023609 0.009432
0 0.494754 0.707330 0.016723 0.010542
0 0.512771 0.752844 0.015458 0.010320
0 0.511998 0.762886 0.018409 0.008211
0 0.511787 0.774870 0.019955 0.010874
0 0.500282 0.796890 0.009837 0.011318
0 0.498665 0.806655 0.020377 0.009765
0 0.490119 0.838930 0.017707 0.008211
0 0.438053 0.847363 0.018690 0.008877
0 0.416623 0.858515 0.014615 0.009432
0 0.435295 0.869345 0.015177 0.008988
0 0.426020 0.878999 0.016301 0.009654
0 0.426512 0.889873 0.024874 0.009210
0 0.414005 0.899582 0.021501 0.009321
0 0.404519 0.910213 0.016442 0.009654
0 0.407892 0.919867 0.017847 0.009876
0 0.406908 0.929965 0.014755 0.009210
0 0.404660 0.939730 0.015880 0.009432
0 0.422577 0.949550 0.013210 0.009543
0 0.435225 0.959426 0.014053 0.009321
0 0.431220 0.968802 0.011102 0.008766
0 0.416324 0.978012 0.014193 0.010320
0 0.413584 0.987721 0.014896 0.008655
0 0.399812 0.996524 0.013210 0.006953
