0 0.365953 0.579697 0.066476 0.023280
0 0.346529 0.605590 0.041439 0.026606
0 0.420774 0.626258 0.031080 0.020430
0 0.439767 0.651914 0.031080 0.021380
0 0.438041 0.674007 0.044893 0.024706
0 0.425091 0.698475 0.029353 0.021380
0 0.267535 0.722230 0.042303 0.022330
0 0.267103 0.746699 0.037986 0.022805
0 0.258651 0.770466 0.032367 0.022867
0 0.249466 0.793453 0.034116 0.022626
0 0.243849 0.816194 0.033976 0.022136
0 0.232915 0.838975 0.032413 0.021707
0 0.374859 0.861879 0.047518 0.020489
0 0.350611 0.885873 0.046048 0.023724
0 0.378429 0.908682 0.031242 0.022136
0 0.372376 0.931463 0.029289 0.022996
0 0.366551 0.953662 0.027337 0.022136
0 0.360888 0.976229 0.031632 0.024286
