0 0.160643 0.251059 0.028205 0.014670
0 0.730961 0.557320 0.042226 0.023591
0 0.734258 0.582129 0.040861 0.022513
0 0.747026 0.600454 0.029786 0.013644
0 0.748090 0.612493 0.025494 0.010571
0 0.767587 0.629221 0.041334 0.021656
0 0.823763 0.652517 0.038601 0.022338
0 0.840801 0.674580 0.038926 0.018690
0 0.718218 0.701143 0.033760 0.021930
0 0.752005 0.723327 0.045444 0.022246
0 0.732994 0.747091 0.046072 0.022039
0 0.706655 0.770792 0.039561 0.021469
0 0.706216 0.794675 0.036970 0.023169
0 0.714404 0.817655 0.037748 0.021830
0 0.716686 0.841357 0.051432 0.022736
0 0.697583 0.864669 0.040343 0.022292
0 0.693787 0.888093 0.037150 0.021352
0 0.708383 0.910552 0.038091 0.022667
0 0.727182 0.933489 0.039713 0.021288
0 0.744722 0.955578 0.032020 0.021017
0 0.744679 0.978599 0.035052 0.021989
