0 0.658612 0.078892 0.052509 0.019699
0 0.631332 0.093865 0.023485 0.014198
0 0.657944 0.109769 0.032540 0.015368
0 0.664639 0.125978 0.032380 0.017185
0 0.667011 0.142502 0.029253 0.015452
0 0.676333 0.158707 0.038418 0.017457
0 0.730210 0.189434 0.035040 0.017181
0 0.735526 0.206139 0.031611 0.015490
0 0.792164 0.220964 0.031179 0.016432
0 0.801052 0.236769 0.030611 0.014496
0 0.806620 0.251345 0.034850 0.015532
0 0.810546 0.268318 0.035736 0.017835
0 0.805252 0.285012 0.027387 0.013851
0 0.805210 0.300118 0.029996 0.015847
0 0.886904 0.313954 0.033225 0.016427
0 0.887193 0.329402 0.034379 0.013346
0 0.884577 0.343886 0.039533 0.015869
0 0.938625 0.373364 0.029882 0.017823
0 0.943262 0.389710 0.028074 0.014722
0 0.947356 0.404108 0.025839 0.012666
0 0.956796 0.418180 0.031332 0.015777
0 0.963709 0.433789 0.031022 0.016419
0 0.978820 0.455053 0.042361 0.024421
0 0.762726 0.467721 0.027152 0.013761
0 0.766858 0.481338 0.029002 0.014497
0 0.773177 0.496692 0.034081 0.016196
0 0.775982 0.512698 0.030144 0.015823
0 0.774521 0.527102 0.028596 0.014433
0 0.851314 0.540080 0.029366 0.015626
0 0.866479 0.555455 0.030817 0.015246
0 0.875046 0.570606 0.034225 0.015986
0 0.873920 0.586867 0.034776 0.016304
0 0.865970 0.602574 0.029784 0.015006
0 0.834865 0.616749 0.030639 0.015345
0 0.835131 0.631309 0.031296 0.014266
0 0.834724 0.646129 0.034199 0.015476
0 0.841415 0.661579 0.031620 0.015058
0 0.842033 0.676383 0.032530 0.015004
0 0.845268 0.691642 0.031103 0.015595
0 0.861793 0.706401 0.031628 0.014922
0 0.859881 0.721427 0.036085 0.015685
0 0.854120 0.737014 0.024886 0.014205
0 0.930770 0.749924 0.031002 0.014717
0 0.955105 0.764794 0.042706 0.015916
0 0.936850 0.780449 0.031378 0.014972
0 0.946348 0.794903 0.030658 0.015183
0 0.940982 0.809150 0.030736 0.013300
0 0.964239 0.823471 0.029835 0.015257
0 0.975241 0.838513 0.032194 0.015730
0 0.971439 0.853858 0.029713 0.014953
0 0.975207 0.868929 0.032132 0.015349
0 0.972213 0.883777 0.036344 0.014669
0 0.943821 0.899000 0.039580 0.015831
0 0.927240 0.913768 0.030428 0.014776
0 0.934030 0.927879 0.024604 0.013929
0 0.953419 0.942773 0.031232 0.015735
0 0.961125 0.957259 0.027000 0.015550
0 0.974062 0.973108 0.033863 0.015992
0 0.979099 0.989007 0.028856 0.016756
0 0.679648 0.174432 0.026841 0.014771
0 0.876515 0.357510 0.027038 0.014542
