0 0.574568 0.172692 0.047033 0.024393
0 0.673452 0.272581 0.041810 0.021024
0 0.685816 0.319917 0.045641 0.021962
0 0.667464 0.343058 0.048071 0.022995
0 0.653770 0.366991 0.044835 0.022577
0 0.623948 0.461055 0.035292 0.021426
0 0.647053 0.506884 0.037642 0.018433
0 0.741324 0.533617 0.041420 0.021387
0 0.745591 0.556407 0.040077 0.019893
0 0.758554 0.583668 0.031436 0.015062
0 0.776407 0.602153 0.042488 0.020900
0 0.797038 0.623986 0.040754 0.018936
0 0.714215 0.649393 0.037585 0.022812
0 0.710803 0.673158 0.042012 0.022007
0 0.708326 0.696924 0.039049 0.021248
0 0.722139 0.721288 0.045330 0.021816
0 0.714769 0.744202 0.035715 0.022272
0 0.708948 0.765157 0.035941 0.018520
0 0.648978 0.791000 0.039264 0.021390
0 0.643126 0.814095 0.040561 0.022202
0 0.646684 0.837530 0.038475 0.022444
0 0.656640 0.860757 0.032180 0.021080
0 0.661235 0.884391 0.037655 0.021895
0 0.663993 0.904402 0.034300 0.016960
0 0.613962 0.930295 0.035610 0.020909
0 0.623150 0.952372 0.037624 0.021561
0 0.621690 0.973387 0.033800 0.018127
0 0.548659 0.198243 0.041294 0.026134
0 0.563456 0.247671 0.047488 0.019695
0 0.558639 0.223999 0.044735 0.023104
0 0.674228 0.295859 0.053220 0.022646
0 0.646521 0.391424 0.040601 0.023551
0 0.665450 0.414673 0.036760 0.022948
0 0.666273 0.439281 0.050476 0.024457
0 0.771615 0.484120 0.041698 0.024155
