0 0.708267 0.485146 0.030335 0.023027
0 0.715241 0.508269 0.030335 0.024370
0 0.718902 0.532255 0.029987 0.022067
0 0.720645 0.556145 0.029289 0.025329
0 0.729014 0.580036 0.040447 0.022451
0 0.654570 0.603638 0.044283 0.024754
0 0.656488 0.626953 0.034171 0.022259
0 0.661370 0.650843 0.034171 0.024754
0 0.643761 0.674637 0.042190 0.022835
0 0.597859 0.698175 0.040659 0.022915
0 0.630926 0.721629 0.039190 0.023994
0 0.633665 0.744325 0.031234 0.022415
0 0.640412 0.767703 0.029735 0.023515
0 0.644785 0.791424 0.032484 0.022827
0 0.645409 0.815007 0.033233 0.024065
0 0.648908 0.837697 0.033233 0.022415
0 0.653530 0.860868 0.028986 0.022827
0 0.658403 0.883970 0.029235 0.022552
0 0.657403 0.906248 0.035232 0.022002
0 0.614175 0.929144 0.032734 0.022965
0 0.621421 0.952384 0.039230 0.022965
0 0.623795 0.975623 0.033483 0.022965
