0 0.631325 0.033851 0.051995 0.025395
0 0.625710 0.060198 0.050478 0.025502
0 0.634459 0.085646 0.043412 0.022731
0 0.639576 0.111346 0.044846 0.025027
0 0.628912 0.136734 0.047005 0.024280
0 0.710173 0.185682 0.046106 0.024701
0 0.703925 0.210914 0.051826 0.023228
0 0.710414 0.234917 0.042040 0.022920
0 0.721045 0.258611 0.041905 0.023319
0 0.711604 0.283752 0.051413 0.022951
0 0.693081 0.307185 0.041516 0.022689
0 0.710036 0.330323 0.042990 0.022043
0 0.718719 0.354461 0.046998 0.023593
0 0.711712 0.379064 0.042102 0.022929
0 0.707535 0.402348 0.042664 0.022200
0 0.700401 0.425738 0.048480 0.022987
0 0.687636 0.449282 0.044494 0.022753
0 0.617512 0.471792 0.040602 0.022438
0 0.685765 0.494450 0.040986 0.022813
0 0.700571 0.519656 0.044058 0.024499
0 0.660947 0.541487 0.040582 0.023049
0 0.677798 0.566314 0.047658 0.023848
0 0.663064 0.589859 0.040408 0.021880
0 0.661712 0.611944 0.035687 0.020140
0 0.609256 0.636122 0.039605 0.021821
0 0.630866 0.659347 0.043375 0.023324
0 0.649096 0.683037 0.044504 0.022209
0 0.658626 0.707169 0.041251 0.021845
0 0.649379 0.729732 0.037519 0.021821
0 0.707988 0.753089 0.042993 0.022434
0 0.701606 0.776083 0.035954 0.021204
0 0.709764 0.799377 0.040264 0.022450
0 0.716172 0.821823 0.041820 0.021875
0 0.717984 0.845412 0.045911 0.022547
0 0.715484 0.870180 0.049903 0.022829
0 0.695793 0.892544 0.039722 0.021909
0 0.700812 0.915037 0.040465 0.021345
0 0.694527 0.937377 0.042372 0.021213
0 0.705479 0.960378 0.035761 0.023075
0 0.705828 0.982990 0.044441 0.021236
0 0.627851 0.010435 0.058295 0.020759
0 0.620503 0.160597 0.048497 0.023994
