0 0.654755 0.034550 0.047867 0.020286
0 0.638971 0.058116 0.045949 0.026443
0 0.640908 0.084756 0.044013 0.022372
0 0.644989 0.112119 0.046925 0.020427
0 0.715969 0.185974 0.048935 0.024334
0 0.705643 0.210344 0.045095 0.022209
0 0.711075 0.234518 0.049211 0.023752
0 0.721244 0.258576 0.040789 0.022999
0 0.716672 0.283124 0.054888 0.022268
0 0.697242 0.307090 0.042121 0.022717
0 0.714680 0.330373 0.042656 0.021955
0 0.720370 0.354337 0.046479 0.023544
0 0.716755 0.378919 0.042998 0.022470
0 0.710330 0.402212 0.043535 0.022541
0 0.706328 0.426184 0.051135 0.022988
0 0.705371 0.518697 0.045013 0.022010
0 0.664509 0.541758 0.041823 0.022692
0 0.680413 0.566251 0.047885 0.023708
0 0.664622 0.589464 0.038687 0.021457
0 0.664856 0.615334 0.042268 0.026375
0 0.613978 0.636405 0.040799 0.021634
0 0.633694 0.659526 0.043055 0.023347
0 0.650314 0.683471 0.046318 0.022215
0 0.661408 0.707254 0.045619 0.022235
0 0.652107 0.730517 0.039274 0.022206
0 0.710053 0.753583 0.042760 0.022692
0 0.704474 0.776765 0.040283 0.021787
0 0.713715 0.801019 0.033936 0.019205
0 0.717866 0.822333 0.043089 0.022054
0 0.719468 0.846088 0.040398 0.022256
0 0.718190 0.870874 0.053054 0.023939
0 0.697634 0.892883 0.042251 0.021475
0 0.702027 0.915316 0.042043 0.020980
0 0.693200 0.937980 0.041080 0.021343
0 0.707457 0.961057 0.038929 0.022723
0 0.704478 0.983516 0.042061 0.021140
0 0.629336 0.134030 0.031929 0.024311
0 0.622994 0.160026 0.034991 0.026237
0 0.685994 0.447926 0.032804 0.022351
0 0.627220 0.471460 0.030070 0.022136
0 0.689715 0.494668 0.041624 0.022483
