0 0.511068 0.023605 0.052306 0.028407
0 0.514165 0.049929 0.061253 0.021210
0 0.472871 0.076442 0.046112 0.027270
0 0.555115 0.103523 0.071576 0.026134
0 0.428480 0.126248 0.059188 0.027649
0 0.433986 0.150868 0.056435 0.021589
0 0.431233 0.175297 0.044047 0.026513
0 0.436394 0.199348 0.055747 0.024619
0 0.438115 0.224725 0.046800 0.023104
0 0.487668 0.247450 0.048176 0.024619
0 0.567847 0.273017 0.066759 0.024240
0 0.549265 0.296499 0.051618 0.024240
0 0.554427 0.320550 0.049553 0.020832
0 0.557180 0.345170 0.056435 0.023862
0 0.501089 0.369410 0.058500 0.026892
0 0.574041 0.391378 0.046112 0.022347
0 0.576106 0.415808 0.054371 0.023483
0 0.580236 0.439291 0.040606 0.021210
0 0.577827 0.464099 0.038541 0.021589
0 0.584709 0.486446 0.044047 0.021589
0 0.589871 0.509739 0.040606 0.023483
0 0.596753 0.533412 0.039229 0.021589
0 0.591936 0.556516 0.048865 0.021589
0 0.574041 0.580567 0.046112 0.022725
0 0.570944 0.601777 0.028906 0.019695
0 0.580911 0.624966 0.038053 0.023589
0 0.580692 0.649277 0.035866 0.023589
0 0.587909 0.673107 0.033679 0.023108
0 0.590752 0.697780 0.034991 0.022867
0 0.626180 0.719804 0.043739 0.023589
0 0.634272 0.743153 0.037178 0.024071
0 0.635584 0.767344 0.045926 0.024793
0 0.640395 0.790933 0.035428 0.023349
0 0.641489 0.815124 0.035866 0.024552
0 0.643238 0.838834 0.031492 0.023830
0 0.655485 0.860738 0.030617 0.020941
0 0.655704 0.883124 0.032804 0.022386
0 0.658547 0.905028 0.032367 0.020941
0 0.607373 0.928737 0.034116 0.024552
0 0.620932 0.951364 0.033241 0.022145
0 0.622463 0.975073 0.038053 0.023830
