0 0.709164 0.284462 0.052968 0.023561
0 0.690402 0.308119 0.045035 0.023017
0 0.708825 0.331712 0.042051 0.021208
0 0.711663 0.355880 0.043734 0.021886
0 0.708645 0.379522 0.046413 0.022701
0 0.702217 0.402881 0.043210 0.021966
0 0.695918 0.426194 0.043370 0.022711
0 0.688401 0.449887 0.042859 0.022748
0 0.617134 0.472851 0.041798 0.021299
0 0.695782 0.519573 0.048967 0.022522
0 0.659667 0.542528 0.042262 0.022397
0 0.672731 0.566742 0.048444 0.024318
0 0.659630 0.590772 0.042422 0.023004
0 0.606494 0.636468 0.030804 0.021452
0 0.628798 0.660199 0.044861 0.022993
0 0.645026 0.683896 0.042959 0.022685
0 0.654387 0.707971 0.043336 0.021794
0 0.646844 0.729937 0.040875 0.021590
0 0.705812 0.753424 0.044271 0.022550
0 0.699455 0.776947 0.038097 0.021623
0 0.707943 0.800500 0.039703 0.020541
0 0.711533 0.822779 0.041102 0.022457
0 0.712455 0.845591 0.041279 0.022426
0 0.715016 0.869548 0.047911 0.022930
0 0.694240 0.893027 0.041597 0.021265
0 0.697594 0.915193 0.044505 0.021731
0 0.688036 0.937945 0.042866 0.021771
0 0.702841 0.960560 0.038750 0.022326
0 0.700849 0.983524 0.038647 0.021754
0 0.629220 0.011168 0.034565 0.022336
0 0.618247 0.036528 0.030176 0.026571
0 0.610017 0.060985 0.031273 0.027175
0 0.629494 0.086952 0.034017 0.023551
0 0.630317 0.112315 0.038955 0.026571
0 0.618795 0.137829 0.035663 0.023853
0 0.619344 0.161834 0.034565 0.025967
0 0.706306 0.186140 0.035114 0.025061
0 0.690944 0.211201 0.032919 0.022646
0 0.702740 0.236111 0.033468 0.021740
0 0.704111 0.258757 0.053768 0.024155
0 0.682165 0.494876 0.037309 0.024155
0 0.655555 0.613539 0.047733 0.023551
