0 0.713006 0.077277 0.036603 0.017620
0 0.718228 0.100382 0.046639 0.030814
0 0.723611 0.124815 0.039629 0.017630
0 0.725359 0.141593 0.036419 0.017642
0 0.782193 0.204694 0.038247 0.016893
0 0.782338 0.220014 0.036284 0.015985
0 0.791908 0.236799 0.038708 0.018101
0 0.795936 0.251085 0.034883 0.015409
0 0.799419 0.267138 0.035858 0.016623
0 0.795163 0.283210 0.034688 0.015982
0 0.796667 0.298612 0.035445 0.016618
0 0.932507 0.387898 0.033191 0.016567
0 0.938025 0.403176 0.032083 0.013974
0 0.945610 0.416396 0.036326 0.016862
0 0.954826 0.432174 0.036810 0.016752
0 0.970448 0.452762 0.046274 0.024832
0 0.757986 0.477227 0.038470 0.020408
0 0.766762 0.495987 0.032405 0.016138
0 0.844922 0.539794 0.031044 0.016263
0 0.860268 0.554478 0.029691 0.015066
0 0.867146 0.569806 0.033714 0.016453
0 0.865991 0.585084 0.037367 0.015891
0 0.828070 0.614489 0.032747 0.015884
0 0.827900 0.629749 0.034704 0.015453
0 0.829104 0.644475 0.033396 0.016189
0 0.834775 0.659852 0.031254 0.014486
0 0.838744 0.674675 0.033760 0.016846
0 0.842616 0.689705 0.031706 0.015178
0 0.856181 0.705578 0.035102 0.016763
0 0.851058 0.734894 0.030490 0.013816
0 0.929954 0.748379 0.028538 0.014893
0 0.950743 0.764045 0.038360 0.016593
0 0.933116 0.778979 0.031370 0.013973
0 0.938823 0.806025 0.035274 0.016942
0 0.960573 0.822666 0.029533 0.014371
0 0.971877 0.837812 0.031129 0.016805
0 0.967649 0.852970 0.032448 0.015375
0 0.940494 0.897970 0.039467 0.015455
0 0.922890 0.913041 0.032417 0.016401
0 0.926925 0.928437 0.029888 0.014602
0 0.950407 0.942511 0.031502 0.015494
0 0.961699 0.957171 0.030622 0.015932
0 0.972709 0.973050 0.031901 0.015917
0 0.975242 0.990088 0.036318 0.018227
0 0.927599 0.371799 0.029641 0.012663
0 0.856498 0.598835 0.042121 0.014595
0 0.851310 0.718354 0.043180 0.014948
0 0.934187 0.791655 0.042483 0.013223
0 0.964134 0.881437 0.032036 0.016864
0 0.963612 0.866106 0.037956 0.013031
0 0.771983 0.509980 0.031780 0.014776
0 0.767873 0.523550 0.042191 0.014776
0 0.864858 0.357851 0.031232 0.012062
0 0.868419 0.340663 0.025205 0.013871
0 0.874721 0.326038 0.029041 0.013570
0 0.882118 0.312016 0.042739 0.015680
0 0.776092 0.187930 0.038903 0.015379
0 0.659108 0.174210 0.037260 0.014474
0 0.885405 0.155665 0.037260 0.017188
0 0.708970 0.058718 0.039451 0.018696
0 0.938007 0.018160 0.044931 0.018394
0 0.845406 0.038816 0.046027 0.017490
