0 0.483655 0.559140 0.029937 0.018119
0 0.558835 0.610421 0.029691 0.016936
0 0.622867 0.649603 0.037829 0.019666
0 0.460828 0.665498 0.023102 0.012515
0 0.518125 0.682808 0.025192 0.013551
0 0.427603 0.699801 0.030142 0.016509
0 0.442833 0.732852 0.032827 0.016818
0 0.444902 0.750036 0.026323 0.016037
0 0.496482 0.765920 0.034634 0.015904
0 0.463923 0.782591 0.030353 0.016086
0 0.453903 0.849736 0.034607 0.016570
0 0.457128 0.865896 0.031124 0.016092
0 0.601564 0.882361 0.030802 0.017096
0 0.606326 0.900571 0.031447 0.018591
0 0.484655 0.915935 0.032992 0.015528
0 0.646846 0.931235 0.024474 0.014198
0 0.447133 0.949224 0.030905 0.016480
0 0.454866 0.965435 0.031196 0.015754
0 0.455730 0.980617 0.027351 0.012926
0 0.548694 0.798750 0.036229 0.018665
0 0.581454 0.814658 0.024666 0.017392
0 0.635027 0.829717 0.043937 0.014423
0 0.609937 0.575526 0.048282 0.016003
0 0.620088 0.592586 0.036760 0.015701
0 0.598053 0.627772 0.033468 0.019626
0 0.607679 0.714608 0.054371 0.015908
