0 0.730305 0.307834 0.053080 0.027322
0 0.722141 0.332289 0.045415 0.020782
0 0.746935 0.378901 0.049176 0.023060
0 0.737966 0.409168 0.031982 0.015360
0 0.639553 0.472386 0.042928 0.022748
0 0.703901 0.495273 0.045369 0.021649
0 0.694344 0.518853 0.029544 0.016232
0 0.661147 0.541810 0.040568 0.021931
0 0.674926 0.566237 0.049649 0.024646
0 0.661922 0.590169 0.041233 0.021669
0 0.662490 0.613702 0.029350 0.016251
0 0.607338 0.636234 0.038576 0.022129
0 0.630239 0.658889 0.042664 0.022422
0 0.645092 0.682988 0.043041 0.022385
0 0.655536 0.707419 0.045203 0.021954
0 0.647872 0.729531 0.043044 0.022122
0 0.706403 0.752945 0.044123 0.022320
0 0.699281 0.776636 0.040824 0.021828
0 0.707430 0.799428 0.040515 0.021916
0 0.713981 0.821859 0.042157 0.022367
0 0.714619 0.844712 0.041209 0.022965
0 0.710839 0.869120 0.053986 0.022899
0 0.693984 0.892488 0.038339 0.021244
0 0.698238 0.914532 0.043349 0.021493
0 0.690021 0.937180 0.038162 0.021398
0 0.704636 0.959580 0.040403 0.022044
0 0.700047 0.982708 0.040850 0.020913
0 0.796339 0.085556 0.057812 0.025452
0 0.736600 0.109523 0.057041 0.023331
0 0.711163 0.135188 0.044708 0.026301
0 0.789401 0.162761 0.050104 0.028846
0 0.684569 0.183335 0.042395 0.021635
0 0.721569 0.209212 0.045479 0.024180
0 0.723496 0.233604 0.049333 0.022059
0 0.708850 0.256511 0.046249 0.026301
0 0.694590 0.282176 0.042395 0.024180
0 0.726194 0.354291 0.062437 0.025028
0 0.719642 0.425982 0.038541 0.025028
0 0.525394 0.449101 0.043166 0.022907
