0 0.567752 0.400460 0.040852 0.025755
0 0.610041 0.429394 0.045746 0.028081
0 0.614996 0.452751 0.036003 0.015940
0 0.585861 0.486141 0.043161 0.022630
0 0.584263 0.511889 0.039254 0.019926
0 0.612385 0.714706 0.045783 0.025607
0 0.601521 0.739889 0.034686 0.021832
0 0.562128 0.798367 0.042579 0.026014
0 0.575171 0.825063 0.043440 0.023263
0 0.568595 0.853949 0.043469 0.026377
0 0.585067 0.910423 0.043765 0.027292
0 0.612602 0.963248 0.039339 0.024067
0 0.581415 0.371366 0.044029 0.029932
0 0.590912 0.541931 0.054389 0.026131
0 0.606020 0.599895 0.056979 0.025181
0 0.574940 0.627927 0.043166 0.025181
0 0.594797 0.573289 0.039713 0.027081
0 0.603691 0.770103 0.041171 0.027730
0 0.546543 0.936993 0.033797 0.027392
0 0.620509 0.988315 0.040576 0.023370
0 0.576552 0.880433 0.031842 0.027498
0 0.583540 0.657171 0.028867 0.026959
0 0.605409 0.685333 0.031492 0.028403
