0 0.569075 0.635043 0.039740 0.021443
0 0.641814 0.658581 0.041864 0.022337
0 0.627080 0.682243 0.038483 0.022531
0 0.638363 0.706059 0.038981 0.016754
0 0.541611 0.731350 0.036568 0.022224
0 0.543656 0.753897 0.038333 0.020808
0 0.531161 0.777941 0.041721 0.020901
0 0.516825 0.799103 0.032200 0.019142
0 0.522738 0.824497 0.038469 0.022063
0 0.514042 0.847917 0.035670 0.022211
0 0.537897 0.869034 0.024385 0.013645
0 0.510663 0.893526 0.033899 0.019513
0 0.569115 0.915383 0.028496 0.013935
0 0.503081 0.940051 0.038559 0.022007
0 0.507064 0.962676 0.030286 0.020025
0 0.544569 0.985387 0.035256 0.021319
