0 0.620987 0.033141 0.047050 0.024931
0 0.618783 0.058602 0.039530 0.023803
0 0.629799 0.084779 0.040469 0.023143
0 0.632764 0.110020 0.043460 0.025624
0 0.709252 0.185052 0.047769 0.024423
0 0.694948 0.209911 0.036702 0.023902
0 0.714806 0.258303 0.041472 0.023128
0 0.709582 0.282327 0.050586 0.022548
0 0.688609 0.305787 0.038911 0.022732
0 0.709701 0.329559 0.040912 0.022180
0 0.714117 0.353303 0.038046 0.023719
0 0.708406 0.377249 0.041128 0.021638
0 0.702183 0.401210 0.041171 0.023254
0 0.695914 0.424401 0.041591 0.021440
0 0.686097 0.446709 0.040655 0.020702
0 0.617805 0.471193 0.038525 0.021451
0 0.695911 0.516682 0.043515 0.022393
0 0.660070 0.541087 0.036827 0.022058
0 0.671425 0.565024 0.045257 0.023376
0 0.660492 0.588514 0.035756 0.020698
0 0.607226 0.635598 0.037458 0.021492
0 0.629264 0.658847 0.038152 0.022584
0 0.646652 0.682935 0.041739 0.021837
0 0.655025 0.706633 0.039879 0.021846
0 0.645251 0.728827 0.036384 0.021041
0 0.705331 0.752522 0.042004 0.021648
0 0.698730 0.776280 0.037372 0.022059
0 0.706977 0.799773 0.034890 0.019118
0 0.713573 0.821020 0.038832 0.021477
0 0.715416 0.844951 0.034709 0.022012
0 0.718486 0.867556 0.033082 0.021030
0 0.694071 0.891755 0.036332 0.021118
0 0.698567 0.914559 0.041921 0.021485
0 0.687510 0.936508 0.038989 0.020574
0 0.702856 0.959468 0.037532 0.022104
0 0.701548 0.981702 0.032836 0.018822
0 0.619319 0.009824 0.052671 0.019648
0 0.620142 0.159598 0.035663 0.023250
0 0.620416 0.135141 0.028530 0.023853
0 0.702989 0.234781 0.030176 0.022042
0 0.683237 0.492640 0.031273 0.025061
0 0.658273 0.609341 0.034017 0.018117
