0 0.625136 0.032700 0.043617 0.024560
0 0.619318 0.058502 0.041055 0.023971
0 0.629844 0.084296 0.041928 0.023719
0 0.709974 0.186320 0.046392 0.022571
0 0.698077 0.210193 0.043608 0.023684
0 0.711267 0.233829 0.038093 0.022820
0 0.716091 0.258134 0.044000 0.023704
0 0.712649 0.282310 0.051696 0.022246
0 0.689621 0.305995 0.038771 0.023254
0 0.714792 0.353072 0.040542 0.023871
0 0.709766 0.377207 0.040880 0.022272
0 0.704893 0.401341 0.042329 0.022675
0 0.696907 0.424502 0.043201 0.021914
0 0.685129 0.446816 0.041965 0.020680
0 0.618141 0.470905 0.039477 0.021437
0 0.697762 0.517107 0.043178 0.021889
0 0.661119 0.540894 0.037876 0.022244
0 0.668818 0.564790 0.041620 0.023652
0 0.660347 0.588684 0.037690 0.021179
0 0.607746 0.635372 0.035837 0.021515
0 0.629864 0.658672 0.036852 0.022697
0 0.646405 0.682951 0.040474 0.021067
0 0.653359 0.705698 0.042200 0.022201
0 0.645723 0.728695 0.034361 0.020544
0 0.704845 0.752447 0.040908 0.021917
0 0.698146 0.775965 0.036756 0.021551
0 0.708639 0.800676 0.033169 0.017847
0 0.714821 0.821219 0.040072 0.021570
0 0.715283 0.844758 0.037607 0.022074
0 0.717224 0.867877 0.038553 0.021725
0 0.694027 0.891916 0.037838 0.021266
0 0.699112 0.914641 0.042234 0.021432
0 0.688612 0.936570 0.037696 0.020393
0 0.703897 0.960185 0.036936 0.022284
0 0.702497 0.981697 0.032501 0.018437
0 0.621752 0.009455 0.047675 0.018909
0 0.633780 0.110257 0.040239 0.025274
0 0.621315 0.135050 0.035428 0.024311
0 0.617816 0.160083 0.045051 0.025274
0 0.705074 0.330263 0.040239 0.023349
0 0.680362 0.493101 0.044176 0.023589
0 0.656962 0.610686 0.038490 0.020460
