0 0.627512 0.034363 0.043801 0.022849
0 0.619428 0.058149 0.040087 0.022972
0 0.629385 0.135923 0.042773 0.023685
0 0.709509 0.184786 0.046071 0.024845
0 0.700501 0.209885 0.042559 0.023555
0 0.707229 0.226339 0.033271 0.010097
0 0.710795 0.237538 0.036642 0.016115
0 0.717410 0.258142 0.044221 0.023227
0 0.716262 0.282043 0.047973 0.022463
0 0.688785 0.305568 0.040356 0.022888
0 0.711177 0.328344 0.044863 0.023183
0 0.715557 0.352977 0.041312 0.023374
0 0.710129 0.377203 0.039300 0.023111
0 0.705468 0.401631 0.039346 0.022135
0 0.701063 0.424054 0.048256 0.022183
0 0.685699 0.446239 0.038753 0.020685
0 0.620991 0.470686 0.035143 0.021509
0 0.697973 0.516786 0.043090 0.021812
0 0.661523 0.540420 0.036557 0.022176
0 0.671996 0.564881 0.049484 0.022843
0 0.661187 0.588195 0.037387 0.021024
0 0.662442 0.613569 0.028522 0.017828
0 0.609144 0.635466 0.038371 0.021769
0 0.629587 0.658585 0.042131 0.022521
0 0.646988 0.682934 0.035021 0.021349
0 0.653680 0.706214 0.042917 0.022161
0 0.646725 0.728636 0.035091 0.020198
0 0.706116 0.752188 0.041172 0.021962
0 0.699586 0.775908 0.038199 0.021808
0 0.710685 0.800578 0.032573 0.018373
0 0.715767 0.821088 0.037960 0.020796
0 0.715307 0.843363 0.025780 0.014546
0 0.720260 0.868050 0.037581 0.021706
0 0.694628 0.891760 0.037670 0.021568
0 0.700513 0.914649 0.042092 0.021580
0 0.689961 0.936725 0.038663 0.020306
0 0.704969 0.959781 0.036695 0.022181
0 0.703879 0.982945 0.035832 0.021351
0 0.632520 0.009870 0.055727 0.019741
0 0.625671 0.083475 0.055727 0.024329
0 0.633921 0.110289 0.042340 0.023472
0 0.621968 0.160012 0.044613 0.021904
0 0.687183 0.490799 0.042671 0.023483
