0 0.149240 0.250681 0.025914 0.014432
0 0.685124 0.492343 0.042378 0.024239
0 0.700322 0.516747 0.047166 0.022498
0 0.662518 0.539927 0.040410 0.023170
0 0.675128 0.564600 0.045689 0.022995
0 0.661242 0.588749 0.041341 0.023295
0 0.664272 0.608488 0.025655 0.010549
0 0.609042 0.634860 0.041251 0.022493
0 0.631359 0.657956 0.041445 0.022515
0 0.649511 0.682106 0.044732 0.022915
0 0.659173 0.706061 0.047396 0.022236
0 0.648046 0.728863 0.038812 0.021785
0 0.708617 0.751769 0.043335 0.022366
0 0.700308 0.775195 0.040787 0.021407
0 0.709397 0.798215 0.041249 0.022573
0 0.715923 0.820741 0.041070 0.021709
0 0.715345 0.844760 0.045691 0.023602
0 0.713964 0.868253 0.053783 0.022850
0 0.696599 0.891212 0.041079 0.021842
0 0.700188 0.914327 0.044396 0.021530
0 0.690994 0.936432 0.036975 0.021196
0 0.706107 0.958812 0.040000 0.022454
0 0.702795 0.982347 0.041449 0.021290
0 0.621063 0.469843 0.043359 0.023862
0 0.679219 0.445982 0.039918 0.023862
0 0.692984 0.420416 0.033035 0.022725
0 0.700555 0.397501 0.033035 0.021589
0 0.701931 0.373260 0.038541 0.022347
0 0.716728 0.351293 0.044735 0.026134
0 0.709846 0.325537 0.041982 0.023862
