0 0.633191 0.282009 0.029008 0.019157
0 0.631257 0.254604 0.027074 0.032460
0 0.651079 0.303826 0.031908 0.024478
0 0.654947 0.328037 0.041578 0.023946
0 0.636092 0.356240 0.032875 0.032460
0 0.678636 0.385241 0.032875 0.025542
0 0.691206 0.414242 0.038677 0.031395
0 0.695074 0.465060 0.042545 0.022349
0 0.678153 0.438986 0.043511 0.023414
0 0.648662 0.486611 0.044478 0.022881
0 0.753089 0.510290 0.034809 0.024478
0 0.798535 0.533704 0.038677 0.025542
0 0.770010 0.555521 0.041578 0.024478
0 0.708128 0.581861 0.041578 0.026074
0 0.693140 0.606339 0.032875 0.022881
0 0.697570 0.628461 0.031273 0.020532
0 0.708269 0.652918 0.035114 0.027779
0 0.704703 0.676771 0.034565 0.022344
0 0.718419 0.699568 0.031273 0.023250
0 0.748321 0.722214 0.036211 0.020834
0 0.724180 0.746520 0.049379 0.025967
0 0.709641 0.770373 0.032371 0.021740
0 0.704703 0.793170 0.034565 0.022042
0 0.716499 0.815514 0.032919 0.022646
0 0.726100 0.838612 0.034565 0.023551
0 0.700313 0.862919 0.033468 0.021438
0 0.694004 0.885413 0.026336 0.022948
0 0.712933 0.908814 0.037857 0.022042
0 0.732136 0.931762 0.031273 0.023853
0 0.749144 0.954407 0.034565 0.020834
0 0.748321 0.977506 0.039503 0.024759
