0 0.577066 0.437846 0.039443 0.025360
0 0.664738 0.461917 0.041395 0.022781
0 0.709844 0.485235 0.033976 0.022996
0 0.718045 0.508553 0.036319 0.022781
0 0.722926 0.532409 0.037490 0.024500
0 0.725074 0.556480 0.032413 0.024500
0 0.730346 0.581303 0.040614 0.023856
0 0.650679 0.603654 0.040614 0.022566
0 0.659712 0.626528 0.027486 0.022690
0 0.661211 0.650661 0.034983 0.022552
0 0.651591 0.674382 0.033233 0.022690
0 0.597493 0.698722 0.031984 0.023790
0 0.629851 0.721894 0.030235 0.022002
0 0.636723 0.745202 0.032984 0.023790
0 0.641471 0.768511 0.030985 0.022827
0 0.643969 0.791819 0.033483 0.022690
0 0.642845 0.814371 0.031734 0.022965
0 0.644969 0.838024 0.032984 0.023790
0 0.653839 0.861607 0.034733 0.023102
0 0.662585 0.884641 0.035232 0.022140
0 0.660836 0.907606 0.035732 0.021315
0 0.618607 0.929883 0.031234 0.023240
0 0.621731 0.952642 0.032984 0.021727
0 0.623730 0.975950 0.034483 0.023515
