0 0.288897 0.443873 0.045685 0.024905
0 0.365407 0.584202 0.048825 0.022946
0 0.346918 0.606015 0.042768 0.020351
0 0.422712 0.629577 0.032236 0.015713
0 0.436305 0.653732 0.030583 0.015634
0 0.436963 0.676781 0.045547 0.022738
0 0.426028 0.700274 0.043153 0.021786
0 0.267158 0.724707 0.043531 0.023159
0 0.266497 0.747977 0.045460 0.022296
0 0.256389 0.771092 0.041558 0.022006
0 0.253465 0.794138 0.043788 0.022127
0 0.240555 0.817083 0.045333 0.022358
0 0.232023 0.839828 0.040703 0.021893
0 0.376152 0.862931 0.028568 0.015015
0 0.349783 0.886300 0.037756 0.021677
0 0.379431 0.908927 0.043641 0.022168
0 0.369384 0.932235 0.045647 0.022216
0 0.366469 0.954675 0.042770 0.021335
0 0.358301 0.976618 0.034895 0.020770
0 0.406348 0.151602 0.066071 0.020832
0 0.406004 0.177926 0.062629 0.022725
0 0.392583 0.202923 0.045424 0.024998
0 0.383292 0.226028 0.043359 0.021210
0 0.366430 0.249700 0.046800 0.023862
0 0.337869 0.275077 0.040606 0.026134
0 0.419080 0.300643 0.048865 0.024998
0 0.442136 0.325451 0.050929 0.026134
0 0.324792 0.346472 0.044735 0.024998
0 0.340621 0.372038 0.046112 0.025377
0 0.449315 0.395715 0.044088 0.020759
0 0.442947 0.419709 0.044088 0.028846
0 0.282268 0.465944 0.050947 0.020489
0 0.288147 0.489802 0.048007 0.022376
0 0.280554 0.512448 0.034781 0.023454
0 0.277370 0.536442 0.038210 0.021298
0 0.280799 0.559222 0.038210 0.022646
