0 0.423330 0.627548 0.038465 0.021598
0 0.426182 0.696897 0.038265 0.019145
0 0.266234 0.722714 0.041115 0.021246
0 0.267371 0.745459 0.041976 0.021391
0 0.258274 0.769878 0.044300 0.023180
0 0.240620 0.816456 0.042464 0.022268
0 0.232029 0.839695 0.036989 0.022276
0 0.380103 0.909105 0.040858 0.020550
0 0.369809 0.931218 0.045789 0.021771
0 0.365210 0.954034 0.038090 0.021360
0 0.357244 0.975166 0.029085 0.018141
0 0.364494 0.581354 0.057812 0.025028
0 0.348307 0.606170 0.047020 0.024604
0 0.433483 0.650499 0.066291 0.025028
0 0.433869 0.674679 0.051645 0.021635
0 0.251569 0.793669 0.043166 0.022059
0 0.374901 0.861755 0.044708 0.023331
0 0.351390 0.884450 0.033145 0.024604
