0 0.973806 0.076131 0.045141 0.018087
0 0.623650 0.461933 0.039154 0.021462
0 0.649826 0.509249 0.040988 0.021970
0 0.756538 0.581030 0.040010 0.019352
0 0.771878 0.602742 0.036838 0.023081
0 0.797763 0.627441 0.045464 0.023378
0 0.716279 0.651219 0.040543 0.022728
0 0.712883 0.675238 0.041700 0.023358
0 0.708609 0.698697 0.040048 0.022852
0 0.726678 0.722626 0.047966 0.021574
0 0.714925 0.745382 0.042863 0.022244
0 0.708893 0.770359 0.045338 0.025981
0 0.648867 0.838573 0.035849 0.023189
0 0.657356 0.856799 0.027515 0.011454
0 0.660483 0.885867 0.039469 0.020862
0 0.662877 0.909471 0.039419 0.023994
0 0.614999 0.931303 0.042879 0.022037
0 0.620686 0.953935 0.039508 0.021735
0 0.648288 0.321212 0.072519 0.045763
0 0.645388 0.391985 0.058982 0.023414
0 0.669529 0.416836 0.047931 0.024010
0 0.665228 0.440001 0.057763 0.024349
0 0.765823 0.486762 0.074246 0.023756
0 0.743376 0.533560 0.058706 0.024231
0 0.742513 0.556841 0.067339 0.025181
0 0.649883 0.789602 0.042247 0.021740
0 0.642750 0.813003 0.045539 0.023250
0 0.616963 0.976807 0.046636 0.024155
