0 0.766100 0.089628 0.031662 0.017013
0 0.739789 0.143356 0.024202 0.017822
0 0.733882 0.179689 0.028471 0.015625
0 0.708352 0.196448 0.031369 0.016826
0 0.706909 0.213971 0.040709 0.017153
0 0.694145 0.230286 0.025249 0.014973
0 0.713492 0.246597 0.032307 0.016649
0 0.706001 0.263891 0.032677 0.016646
0 0.705867 0.285022 0.037884 0.021607
0 0.672080 0.298588 0.021977 0.013781
0 0.678871 0.313766 0.027539 0.016225
0 0.700887 0.333024 0.023005 0.008870
0 0.667256 0.364142 0.026731 0.016479
0 0.666040 0.381162 0.025154 0.016131
0 0.682039 0.398523 0.025202 0.009540
0 0.691039 0.413201 0.028958 0.017496
0 0.802693 0.429299 0.022802 0.013223
0 0.822744 0.448392 0.039747 0.023066
0 0.833904 0.493779 0.022549 0.013823
0 0.843357 0.508908 0.023959 0.010478
0 0.840007 0.524898 0.026568 0.012843
0 0.843625 0.540714 0.027979 0.013247
0 0.844759 0.554825 0.029933 0.016462
0 0.854072 0.570595 0.028826 0.014724
0 0.855097 0.586045 0.031974 0.015550
0 0.849795 0.600047 0.034447 0.012867
0 0.684368 0.621098 0.024229 0.013371
0 0.723543 0.636004 0.027944 0.015563
0 0.723237 0.651290 0.032149 0.015950
0 0.724187 0.666814 0.029029 0.015384
0 0.733417 0.681749 0.023307 0.015732
0 0.736642 0.697859 0.029721 0.016213
0 0.931666 0.711582 0.029105 0.014643
0 0.939173 0.727321 0.026625 0.015532
0 0.939029 0.742659 0.025188 0.013708
0 0.943771 0.757606 0.034533 0.016248
0 0.928052 0.775372 0.024898 0.011515
0 0.934376 0.788152 0.027835 0.014638
0 0.938276 0.804603 0.023956 0.014217
0 0.945887 0.818776 0.029544 0.015367
0 0.944259 0.834007 0.033603 0.015027
0 0.949523 0.848948 0.031289 0.015108
0 0.956023 0.864031 0.029287 0.015424
0 0.960997 0.879819 0.024515 0.014663
0 0.965068 0.894775 0.028697 0.015551
0 0.985013 0.912024 0.029151 0.015872
0 0.969615 0.925445 0.026211 0.014709
0 0.972811 0.955232 0.025209 0.012197
0 0.973195 0.969042 0.026276 0.015362
0 0.973078 0.983056 0.024472 0.012235
0 0.825255 0.476137 0.024494 0.017090
0 0.782173 0.459769 0.023181 0.015646
0 0.633314 0.347058 0.033035 0.017423
0 0.733797 0.162793 0.034412 0.017802
0 0.749626 0.126053 0.041294 0.014771
0 0.767864 0.109199 0.046112 0.018180
0 0.775091 0.072081 0.042671 0.015908
0 0.768553 0.054279 0.028218 0.016665
0 0.789200 0.036288 0.035100 0.017802
0 0.713494 0.017729 0.030971 0.020832
0 0.764079 0.006687 0.024776 0.013373
0 0.865316 0.996042 0.018131 0.007916
