0 0.431225 0.128819 0.044735 0.031816
0 0.429191 0.154757 0.040170 0.019680
0 0.429925 0.175786 0.042619 0.023994
0 0.427231 0.201262 0.042129 0.028037
0 0.427476 0.225390 0.039680 0.021837
0 0.485036 0.249519 0.047028 0.026420
0 0.559252 0.273782 0.041639 0.024802
0 0.546515 0.297910 0.033801 0.025072
0 0.549944 0.322039 0.039680 0.024263
0 0.558272 0.345358 0.045558 0.023454
0 0.505366 0.368409 0.040659 0.025881
0 0.572233 0.392672 0.038210 0.021567
0 0.573213 0.417609 0.043109 0.023454
0 0.583745 0.440524 0.037720 0.022915
0 0.574193 0.464383 0.050947 0.025342
0 0.588399 0.487029 0.042129 0.021567
0 0.591338 0.509540 0.042129 0.025611
0 0.597707 0.534342 0.037230 0.024533
0 0.593298 0.558875 0.045068 0.021837
0 0.577132 0.580172 0.038210 0.022376
0 0.576397 0.603762 0.037720 0.022646
0 0.586195 0.626947 0.036740 0.021567
0 0.586684 0.650536 0.034781 0.023454
0 0.587664 0.673721 0.038700 0.022915
0 0.589869 0.698119 0.035271 0.022646
0 0.628813 0.722247 0.038700 0.022376
0 0.629548 0.744084 0.048987 0.021298
0 0.638856 0.767134 0.035271 0.023724
0 0.638856 0.791262 0.042129 0.023454
0 0.642775 0.814717 0.037230 0.022376
0 0.645959 0.838037 0.038700 0.023185
0 0.651837 0.863109 0.037720 0.024263
0 0.652327 0.885485 0.039680 0.017793
0 0.657471 0.905569 0.048987 0.020759
0 0.612158 0.929563 0.039680 0.022376
0 0.616812 0.952209 0.042129 0.020759
0 0.623670 0.974989 0.040170 0.023724
