0 0.777943 0.037899 0.037684 0.017928
0 0.771884 0.055961 0.032558 0.017887
0 0.771386 0.074415 0.039386 0.017194
0 0.764032 0.091162 0.033207 0.018115
0 0.763601 0.110381 0.039714 0.017887
0 0.730587 0.145170 0.037196 0.019061
0 0.730056 0.163908 0.037918 0.017385
0 0.727128 0.181922 0.052611 0.016785
0 0.701183 0.198721 0.025276 0.014954
0 0.702559 0.215314 0.036609 0.017126
0 0.685745 0.231741 0.026374 0.015015
0 0.708425 0.247659 0.038713 0.017979
0 0.696911 0.264529 0.030813 0.015709
0 0.694102 0.281404 0.048953 0.017655
0 0.665924 0.298734 0.027749 0.015199
0 0.676946 0.313917 0.028524 0.017050
0 0.696022 0.334134 0.044962 0.021831
0 0.629031 0.347398 0.030190 0.016308
0 0.660307 0.363926 0.038258 0.018196
0 0.662711 0.381256 0.038217 0.015899
0 0.676804 0.397242 0.032286 0.015950
0 0.682271 0.413732 0.036902 0.017199
0 0.797279 0.428230 0.025958 0.015017
0 0.815830 0.447507 0.042392 0.022351
0 0.778653 0.461176 0.026425 0.015538
0 0.820863 0.476062 0.034796 0.016777
0 0.831174 0.492238 0.032678 0.015471
0 0.837655 0.506882 0.029821 0.015295
0 0.836531 0.522828 0.032409 0.016944
0 0.839733 0.539259 0.033761 0.015938
0 0.842050 0.554830 0.035318 0.015926
0 0.851485 0.570837 0.034958 0.016557
0 0.854712 0.587238 0.033234 0.015251
0 0.847069 0.605729 0.042239 0.022369
0 0.678392 0.621346 0.030308 0.015169
0 0.719218 0.636695 0.031348 0.015651
0 0.717651 0.652156 0.033786 0.015901
0 0.720565 0.668065 0.029778 0.014864
0 0.726802 0.682795 0.035128 0.016044
0 0.728776 0.698915 0.031815 0.015988
0 0.929277 0.711687 0.030933 0.015718
0 0.934629 0.727483 0.033324 0.016526
0 0.937172 0.742969 0.027906 0.013487
0 0.941270 0.757925 0.036952 0.016796
0 0.929641 0.773919 0.031820 0.014997
0 0.931225 0.788815 0.035234 0.015828
0 0.934457 0.804222 0.031318 0.015531
0 0.941358 0.819414 0.034077 0.015269
0 0.943507 0.834252 0.033258 0.014976
0 0.948492 0.849387 0.031901 0.014761
0 0.953505 0.864524 0.035486 0.015779
0 0.959094 0.880207 0.031008 0.015357
0 0.958275 0.894564 0.032611 0.015594
0 0.980672 0.910377 0.035647 0.015492
0 0.966600 0.925855 0.030955 0.015357
0 0.968651 0.940586 0.030691 0.014334
0 0.971956 0.955001 0.031419 0.013676
0 0.972659 0.969394 0.029710 0.015750
0 0.975010 0.983524 0.017183 0.013970
0 0.748211 0.127488 0.030180 0.018294
0 0.710377 0.019050 0.034991 0.020941
