0 0.784734 0.184197 0.032563 0.015730
0 0.784837 0.217713 0.033993 0.015896
0 0.796528 0.281207 0.032955 0.015986
0 0.795654 0.296587 0.034282 0.015388
0 0.878860 0.310140 0.035284 0.016650
0 0.880192 0.326052 0.036732 0.015538
0 0.875887 0.341666 0.033916 0.014966
0 0.865509 0.356914 0.035182 0.015750
0 0.931242 0.370100 0.034455 0.017033
0 0.934755 0.386549 0.033084 0.015339
0 0.939305 0.400867 0.032167 0.014339
0 0.950033 0.415608 0.034398 0.014615
0 0.960274 0.430784 0.025090 0.015097
0 0.975113 0.447240 0.035655 0.016803
0 0.755144 0.465032 0.030693 0.014391
0 0.761997 0.478967 0.030966 0.014588
0 0.766770 0.493922 0.031736 0.015910
0 0.770123 0.509230 0.033382 0.014780
0 0.767338 0.524947 0.029822 0.015750
0 0.846275 0.537445 0.028835 0.015312
0 0.857939 0.552421 0.030228 0.014739
0 0.868249 0.567527 0.029431 0.015466
0 0.865175 0.583171 0.035058 0.016289
0 0.860358 0.599124 0.034949 0.015318
0 0.828730 0.613096 0.032040 0.015294
0 0.828091 0.628317 0.033924 0.014566
0 0.829575 0.643179 0.032884 0.015024
0 0.833482 0.658200 0.032646 0.016010
0 0.838311 0.673683 0.033689 0.015109
0 0.843272 0.687869 0.030932 0.014777
0 0.856732 0.703096 0.029691 0.014684
0 0.854399 0.718387 0.032068 0.015458
0 0.848679 0.733272 0.031868 0.014616
0 0.924120 0.746217 0.027796 0.014684
0 0.951530 0.762351 0.042894 0.016232
0 0.931654 0.777046 0.031968 0.013601
0 0.938767 0.791559 0.032798 0.015117
0 0.937177 0.806047 0.028781 0.013834
0 0.958846 0.820386 0.024686 0.013939
0 0.968493 0.835531 0.034590 0.016016
0 0.965854 0.850619 0.031749 0.014334
0 0.969947 0.865500 0.026866 0.014744
0 0.967365 0.881740 0.034710 0.016832
0 0.940325 0.895450 0.038741 0.014743
0 0.922530 0.910321 0.029452 0.014085
0 0.923603 0.924443 0.035123 0.013983
0 0.946860 0.939315 0.029027 0.015046
0 0.958735 0.954325 0.025078 0.015079
0 0.968466 0.970549 0.034196 0.017255
0 0.972057 0.988539 0.037668 0.017383
0 0.659199 0.170997 0.031536 0.017355
0 0.785153 0.200346 0.042567 0.016334
0 0.794330 0.232368 0.024993 0.013325
0 0.801555 0.247090 0.030070 0.016119
0 0.800774 0.264176 0.033194 0.017193
