0 0.661762 0.039801 0.041337 0.024729
0 0.558049 0.119216 0.043079 0.025161
0 0.558810 0.198254 0.046757 0.023875
0 0.690193 0.321580 0.049141 0.022419
0 0.678702 0.344948 0.054254 0.022626
0 0.655416 0.369254 0.037731 0.023945
0 0.655574 0.392002 0.040921 0.020778
0 0.743998 0.533852 0.036707 0.023226
0 0.748038 0.558236 0.039282 0.021365
0 0.761194 0.580707 0.041166 0.021638
0 0.777456 0.603405 0.042503 0.022416
0 0.801516 0.626663 0.041228 0.021222
0 0.719839 0.651151 0.041515 0.022573
0 0.717191 0.674906 0.045001 0.023366
0 0.713024 0.698549 0.038878 0.022259
0 0.729257 0.721424 0.045921 0.022464
0 0.718791 0.745442 0.042413 0.022064
0 0.711916 0.768645 0.039194 0.021274
0 0.652778 0.792373 0.042130 0.022192
0 0.649543 0.814977 0.042719 0.021549
0 0.651761 0.838512 0.039357 0.022924
0 0.661516 0.862213 0.041771 0.022669
0 0.662716 0.885260 0.042222 0.021944
0 0.665608 0.907666 0.040323 0.021197
0 0.616694 0.931489 0.042434 0.021282
0 0.623015 0.953589 0.039605 0.021407
0 0.623033 0.977987 0.035853 0.020325
0 0.658874 0.064774 0.052671 0.025967
0 0.658600 0.093156 0.061998 0.025363
0 0.557098 0.145242 0.058706 0.025061
0 0.566700 0.171812 0.046087 0.023853
0 0.563134 0.223747 0.058706 0.024457
0 0.557098 0.248959 0.054317 0.024759
0 0.677529 0.272359 0.036211 0.025665
0 0.680820 0.296968 0.058158 0.024759
0 0.664361 0.414423 0.032919 0.025363
0 0.669299 0.438276 0.040601 0.022344
0 0.633362 0.462281 0.037857 0.025061
0 0.767783 0.485983 0.042247 0.024759
0 0.651193 0.508025 0.039503 0.024155
