0 0.737623 0.578128 0.037649 0.018484
0 0.653079 0.603546 0.041462 0.023003
0 0.659553 0.627117 0.041954 0.022519
0 0.663647 0.651124 0.045290 0.023069
0 0.594513 0.697550 0.032416 0.020146
0 0.630357 0.721456 0.042987 0.022589
0 0.637783 0.745367 0.037855 0.022106
0 0.642519 0.769384 0.040062 0.021391
0 0.650136 0.839476 0.036758 0.021013
0 0.660537 0.884862 0.039802 0.021255
0 0.663660 0.908907 0.041352 0.023529
0 0.615146 0.930789 0.039599 0.020916
0 0.621365 0.953324 0.036402 0.021640
0 0.622836 0.979046 0.027648 0.016976
0 0.740144 0.555373 0.044910 0.024500
0 0.647786 0.673040 0.032804 0.022996
0 0.645443 0.814993 0.032804 0.023211
0 0.638413 0.790922 0.042958 0.022351
0 0.654034 0.861737 0.039052 0.021707
