0 0.795120 0.279829 0.033854 0.015107
0 0.753790 0.462881 0.027054 0.013764
0 0.756907 0.477437 0.027960 0.014753
0 0.763402 0.492917 0.031221 0.015881
0 0.765336 0.508268 0.032842 0.015360
0 0.766998 0.523471 0.031374 0.015348
0 0.842628 0.537191 0.029534 0.016315
0 0.858943 0.552850 0.028148 0.014937
0 0.866812 0.567913 0.026259 0.013339
0 0.862757 0.582282 0.033621 0.015632
0 0.856739 0.596818 0.032336 0.012976
0 0.824685 0.612616 0.030466 0.016359
0 0.827142 0.627478 0.023142 0.012610
0 0.827079 0.642001 0.028509 0.015566
0 0.833411 0.656874 0.027132 0.015171
0 0.837091 0.672443 0.029096 0.015173
0 0.840872 0.686462 0.035835 0.015574
0 0.855321 0.702075 0.024201 0.014273
0 0.852475 0.717112 0.034630 0.015056
0 0.845338 0.732152 0.028081 0.014801
0 0.924798 0.745745 0.023135 0.014150
0 0.950949 0.760348 0.025884 0.014260
0 0.930684 0.775679 0.030132 0.015328
0 0.940836 0.791420 0.029040 0.013871
0 0.936236 0.805277 0.025091 0.013399
0 0.957569 0.819585 0.026011 0.013970
0 0.968799 0.834755 0.031645 0.015313
0 0.966605 0.850115 0.031904 0.015490
0 0.968147 0.865077 0.030492 0.014853
0 0.940614 0.894613 0.036623 0.015204
0 0.922749 0.909949 0.024502 0.013790
0 0.926112 0.924116 0.024518 0.013574
0 0.948597 0.938829 0.025874 0.014665
0 0.957020 0.954150 0.029051 0.015306
0 0.972678 0.970366 0.023858 0.017101
0 0.974466 0.988273 0.026460 0.016318
0 0.773224 0.182400 0.025465 0.019317
0 0.775288 0.200391 0.029594 0.016665
0 0.779074 0.216489 0.027529 0.016287
0 0.784235 0.231071 0.033724 0.014393
0 0.790430 0.247168 0.029594 0.013256
0 0.793183 0.261750 0.036476 0.015150
0 0.791462 0.295649 0.033035 0.014771
0 0.872330 0.309473 0.029594 0.011363
0 0.873706 0.323487 0.025465 0.013635
0 0.867856 0.337691 0.026153 0.016287
0 0.862694 0.353598 0.028218 0.014014
0 0.925324 0.369696 0.029594 0.012878
0 0.931518 0.383899 0.028218 0.014771
0 0.935303 0.398481 0.030282 0.014393
0 0.944938 0.413253 0.026153 0.015150
0 0.952592 0.429601 0.021869 0.015904
0 0.959036 0.444537 0.047253 0.015259
