0 0.682400 0.319830 0.050031 0.022359
0 0.664340 0.342798 0.046558 0.022183
0 0.656304 0.366692 0.049716 0.022671
0 0.651387 0.390170 0.040683 0.023442
0 0.665546 0.415098 0.040454 0.023241
0 0.622113 0.460955 0.035198 0.021612
0 0.646593 0.506453 0.036458 0.017921
0 0.740260 0.533013 0.041205 0.021578
0 0.742885 0.557254 0.038363 0.019756
0 0.755192 0.583449 0.030056 0.014502
0 0.795526 0.624599 0.039450 0.018952
0 0.712889 0.649500 0.040560 0.023476
0 0.710172 0.673026 0.040966 0.022231
0 0.707957 0.697048 0.038868 0.021385
0 0.722162 0.720824 0.043895 0.021736
0 0.714631 0.744374 0.036203 0.022749
0 0.707803 0.765704 0.035067 0.018783
0 0.647837 0.790971 0.037189 0.021203
0 0.643101 0.813938 0.040736 0.021820
0 0.644534 0.837370 0.040416 0.023337
0 0.655093 0.861002 0.037183 0.022237
0 0.660563 0.884526 0.039183 0.021711
0 0.660435 0.905313 0.038759 0.017564
0 0.614720 0.930553 0.038630 0.021325
0 0.620914 0.952583 0.033346 0.020544
0 0.621249 0.973608 0.034442 0.018173
0 0.573887 0.171637 0.058583 0.027149
0 0.551919 0.196878 0.034687 0.024180
0 0.556929 0.222118 0.060124 0.023756
0 0.561554 0.246086 0.049333 0.019938
0 0.672553 0.270053 0.029291 0.025452
0 0.676792 0.296990 0.056270 0.024180
0 0.672269 0.438809 0.038713 0.020291
0 0.772739 0.483279 0.039328 0.022658
0 0.773354 0.601641 0.031954 0.021305
