0 0.717267 0.010426 0.046278 0.020852
0 0.726091 0.034168 0.053970 0.024578
0 0.605253 0.085280 0.045270 0.023404
0 0.628937 0.110359 0.044296 0.023725
0 0.749178 0.136027 0.049563 0.023970
0 0.626287 0.160552 0.045892 0.023590
0 0.744444 0.185735 0.055610 0.023609
0 0.722922 0.210489 0.042964 0.023965
0 0.729689 0.235553 0.047376 0.023178
0 0.738056 0.258860 0.045020 0.021305
0 0.742180 0.284219 0.051141 0.026486
0 0.570978 0.308458 0.043485 0.021491
0 0.563337 0.332006 0.043571 0.023703
0 0.563500 0.354688 0.028822 0.014842
0 0.563347 0.380007 0.047900 0.024787
0 0.561560 0.403021 0.043387 0.020587
0 0.575804 0.426445 0.044317 0.023239
0 0.571356 0.450512 0.044488 0.022494
0 0.563512 0.473345 0.045515 0.022859
0 0.559204 0.497085 0.044941 0.023740
0 0.562979 0.520018 0.028836 0.015357
0 0.562487 0.543899 0.030219 0.016270
0 0.705360 0.566900 0.046727 0.023572
0 0.712024 0.591332 0.043806 0.022375
0 0.705663 0.614023 0.040442 0.021189
0 0.710900 0.637351 0.043759 0.023040
0 0.717434 0.660814 0.045463 0.022589
0 0.724062 0.684907 0.043896 0.023799
0 0.715067 0.708562 0.043497 0.021779
0 0.569754 0.732276 0.043767 0.022249
0 0.558545 0.755132 0.035599 0.022268
0 0.628964 0.777562 0.039042 0.022169
0 0.687645 0.800537 0.040965 0.021931
0 0.728409 0.824579 0.045203 0.023248
0 0.727587 0.848270 0.047747 0.022109
0 0.714917 0.871043 0.045472 0.022400
0 0.721301 0.894785 0.045339 0.020604
0 0.709358 0.917049 0.043522 0.022207
0 0.715546 0.939556 0.039894 0.021264
0 0.722840 0.962292 0.042008 0.020947
0 0.719468 0.985206 0.045712 0.022638
0 0.702722 0.061716 0.040557 0.028069
