0 0.621664 0.033148 0.045656 0.025023
0 0.619416 0.058766 0.039825 0.024208
0 0.628450 0.084290 0.045063 0.023924
0 0.710887 0.236240 0.038441 0.019486
0 0.713969 0.258463 0.042197 0.023004
0 0.707262 0.282188 0.049255 0.023227
0 0.689393 0.305928 0.040253 0.023056
0 0.708867 0.329157 0.041176 0.022078
0 0.713685 0.352894 0.041367 0.023845
0 0.709410 0.376879 0.040746 0.022137
0 0.702889 0.401036 0.038970 0.023626
0 0.696705 0.424382 0.042587 0.021844
0 0.684834 0.446749 0.039029 0.020825
0 0.618212 0.470926 0.039628 0.021702
0 0.687023 0.494212 0.040924 0.022513
0 0.696905 0.516558 0.045251 0.021897
0 0.660806 0.540930 0.037552 0.022462
0 0.669556 0.564805 0.045855 0.023075
0 0.660746 0.589013 0.036956 0.021516
0 0.659900 0.612195 0.036408 0.019422
0 0.607092 0.635287 0.034780 0.021704
0 0.628991 0.658861 0.042956 0.022912
0 0.646239 0.683048 0.041944 0.021935
0 0.655995 0.707009 0.039247 0.021735
0 0.646195 0.728790 0.034697 0.020581
0 0.705232 0.752437 0.039860 0.021845
0 0.698145 0.775526 0.036281 0.021354
0 0.709038 0.800608 0.030303 0.017920
0 0.715547 0.821183 0.039707 0.021584
0 0.714444 0.844594 0.037828 0.022520
0 0.718681 0.867926 0.036271 0.021773
0 0.694113 0.892038 0.037446 0.021381
0 0.699434 0.914662 0.042238 0.021513
0 0.687812 0.936497 0.036678 0.020355
0 0.703978 0.960101 0.036513 0.022253
0 0.700852 0.982111 0.036601 0.019366
0 0.620112 0.009862 0.052302 0.019724
0 0.633013 0.110200 0.034868 0.025521
0 0.619763 0.135721 0.034868 0.025138
0 0.621332 0.160955 0.039401 0.024562
0 0.704667 0.184269 0.033125 0.027056
0 0.696996 0.209407 0.027546 0.024370
