0 0.959866 0.431211 0.032358 0.015687
0 0.972739 0.451477 0.045113 0.023829
0 0.754741 0.465123 0.028394 0.014588
0 0.759407 0.479547 0.029378 0.014264
0 0.765915 0.494851 0.033304 0.016886
0 0.769555 0.510512 0.032810 0.014742
0 0.844068 0.537610 0.028538 0.015208
0 0.860435 0.553011 0.032085 0.015315
0 0.865897 0.568486 0.032002 0.014113
0 0.866073 0.583529 0.040436 0.016179
0 0.862431 0.598528 0.027186 0.012514
0 0.827580 0.613551 0.031740 0.015880
0 0.826925 0.629003 0.031467 0.014436
0 0.829226 0.643575 0.032318 0.014610
0 0.833768 0.658566 0.030705 0.015671
0 0.837551 0.673856 0.033018 0.015160
0 0.841884 0.688172 0.030816 0.014832
0 0.857265 0.703532 0.029344 0.014824
0 0.855631 0.718738 0.035124 0.015542
0 0.846917 0.733868 0.030195 0.015086
0 0.925211 0.747334 0.027957 0.014504
0 0.949804 0.762818 0.041761 0.016749
0 0.933253 0.777815 0.030175 0.013720
0 0.940678 0.792385 0.030664 0.014715
0 0.937964 0.806510 0.027906 0.013538
0 0.958743 0.820294 0.024691 0.014314
0 0.969096 0.835763 0.036241 0.015919
0 0.965147 0.850765 0.033839 0.014461
0 0.969078 0.865757 0.029092 0.014958
0 0.965647 0.882097 0.038249 0.016625
0 0.937948 0.896346 0.040370 0.015400
0 0.922792 0.910999 0.031973 0.014742
0 0.927806 0.925081 0.024124 0.011879
0 0.947104 0.939964 0.028179 0.014858
0 0.955387 0.955291 0.032311 0.015984
0 0.969436 0.971549 0.036109 0.016858
0 0.971489 0.988899 0.035363 0.017263
0 0.819717 0.040143 0.035428 0.014683
0 0.814249 0.057474 0.038490 0.016127
0 0.817967 0.073601 0.055548 0.017090
0 0.826715 0.089849 0.039802 0.015887
0 0.828027 0.106096 0.037178 0.016609
0 0.824528 0.121863 0.037178 0.014442
0 0.826059 0.140277 0.022744 0.016127
0 0.833713 0.155562 0.032804 0.015405
0 0.833713 0.171087 0.024056 0.015165
0 0.775322 0.186131 0.035866 0.015887
0 0.780352 0.203101 0.030180 0.018053
0 0.781446 0.220071 0.030617 0.014442
0 0.790631 0.234754 0.030617 0.015405
0 0.795004 0.250761 0.034991 0.016127
0 0.798722 0.265083 0.036303 0.015405
0 0.793255 0.280849 0.027993 0.014683
0 0.793036 0.296856 0.029305 0.015405
0 0.877889 0.309975 0.030180 0.017572
0 0.875921 0.325741 0.033241 0.012998
0 0.862143 0.340665 0.035428 0.017812
0 0.859081 0.355709 0.033679 0.015165
0 0.927970 0.369068 0.023619 0.015887
0 0.929719 0.385557 0.031492 0.015165
0 0.931906 0.400119 0.035866 0.014442
0 0.947215 0.415525 0.023619 0.013480
0 0.767207 0.524206 0.026423 0.013189
