0 0.631128 0.415225 0.042251 0.023287
0 0.702296 0.581855 0.047297 0.022458
0 0.693314 0.605797 0.042913 0.023172
0 0.693716 0.628505 0.039685 0.021559
0 0.704960 0.651557 0.040235 0.022285
0 0.708387 0.675830 0.040379 0.023638
0 0.716130 0.699997 0.037303 0.021943
0 0.745971 0.722953 0.049243 0.022139
0 0.727262 0.746495 0.054937 0.022982
0 0.703859 0.770544 0.037888 0.021876
0 0.702630 0.793216 0.040558 0.022368
0 0.710155 0.816365 0.041109 0.021862
0 0.715942 0.839211 0.047212 0.020880
0 0.693823 0.864108 0.037753 0.022242
0 0.689849 0.886396 0.039589 0.021122
0 0.706700 0.908817 0.039490 0.021568
0 0.722905 0.931874 0.040438 0.020800
0 0.740943 0.953864 0.037278 0.021004
0 0.744584 0.976490 0.037562 0.020993
0 0.738704 0.441813 0.050389 0.025025
0 0.730101 0.465148 0.049160 0.022996
0 0.755295 0.487636 0.049160 0.021981
0 0.774344 0.510294 0.043015 0.023334
0 0.773423 0.536841 0.042400 0.027730
0 0.768200 0.559668 0.038099 0.019952
