0 0.351934 0.247536 0.045495 0.018484
0 0.443782 0.733453 0.029515 0.016576
0 0.444472 0.750398 0.027434 0.016287
0 0.497025 0.767255 0.036285 0.016192
0 0.464157 0.783170 0.030046 0.016052
0 0.577544 0.815767 0.028491 0.015921
0 0.454283 0.850298 0.034827 0.016873
0 0.457459 0.866483 0.031397 0.015711
0 0.601493 0.882689 0.030864 0.016943
0 0.605679 0.901070 0.029377 0.018364
0 0.485704 0.916174 0.031513 0.015518
0 0.648720 0.933549 0.029641 0.017210
0 0.447554 0.949467 0.031189 0.016399
0 0.454941 0.965816 0.031932 0.015955
0 0.457705 0.980254 0.024479 0.012241
0 0.605404 0.714235 0.039190 0.014288
0 0.546619 0.799021 0.029392 0.017793
0 0.630633 0.832316 0.036740 0.019141
