0 0.821277 0.041582 0.039728 0.014815
0 0.825461 0.057129 0.037178 0.016810
0 0.824859 0.074578 0.036466 0.017902
0 0.826255 0.123542 0.036028 0.017324
0 0.829464 0.139773 0.032803 0.015115
0 0.834312 0.155312 0.030079 0.015170
0 0.833878 0.173526 0.042376 0.021349
0 0.788696 0.236545 0.036271 0.017676
0 0.796783 0.251574 0.031673 0.012833
0 0.800712 0.267018 0.031976 0.015154
0 0.795674 0.282396 0.033970 0.015782
0 0.877333 0.311887 0.033467 0.016284
0 0.877100 0.327362 0.032359 0.014899
0 0.871014 0.342228 0.035282 0.015655
0 0.864070 0.357670 0.034638 0.015136
0 0.930329 0.370912 0.033992 0.016767
0 0.933495 0.387205 0.034592 0.015290
0 0.938989 0.401898 0.031057 0.014463
0 0.947777 0.416451 0.032202 0.015517
0 0.958746 0.431420 0.027444 0.015744
0 0.971688 0.447502 0.035251 0.015751
0 0.755432 0.465583 0.025337 0.013567
0 0.758917 0.479766 0.030461 0.014901
0 0.763401 0.494983 0.033070 0.016366
0 0.762322 0.510470 0.028702 0.015470
0 0.765422 0.525214 0.029146 0.014991
0 0.844842 0.537771 0.030255 0.015482
0 0.857423 0.552908 0.028471 0.014417
0 0.866816 0.568174 0.028283 0.015126
0 0.865037 0.583424 0.036122 0.015621
0 0.860855 0.600297 0.034160 0.017006
0 0.825671 0.613710 0.030624 0.015850
0 0.825091 0.629018 0.034482 0.014090
0 0.827379 0.643359 0.034548 0.015309
0 0.831836 0.658512 0.030921 0.015451
0 0.835928 0.673874 0.033247 0.015410
0 0.840985 0.688451 0.031678 0.014641
0 0.857197 0.703475 0.026745 0.014457
0 0.854345 0.718774 0.033145 0.015846
0 0.846921 0.733818 0.030273 0.014367
0 0.923889 0.746984 0.028770 0.014612
0 0.950854 0.762833 0.034752 0.015770
0 0.932182 0.777715 0.032683 0.013318
0 0.938045 0.792143 0.033209 0.014999
0 0.937278 0.806357 0.030073 0.013829
0 0.958058 0.820772 0.025253 0.013865
0 0.968164 0.835931 0.035425 0.016150
0 0.964329 0.850814 0.032544 0.013894
0 0.968391 0.865491 0.029260 0.014969
0 0.966544 0.881999 0.035614 0.017005
0 0.939446 0.895661 0.040255 0.015043
0 0.921278 0.910787 0.033266 0.014432
0 0.925902 0.924926 0.033869 0.014150
0 0.945681 0.939825 0.030460 0.014933
0 0.957408 0.955025 0.027630 0.015513
0 0.969368 0.971149 0.034522 0.017011
0 0.971829 0.988636 0.035333 0.017300
0 0.826245 0.091404 0.024603 0.014829
0 0.829174 0.106341 0.041395 0.015474
0 0.778923 0.186673 0.034412 0.015894
0 0.778616 0.202737 0.047316 0.013527
0 0.782303 0.219814 0.033797 0.015894
0 0.796129 0.298102 0.043015 0.015556
