0 0.796294 0.138204 0.037710 0.019094
0 0.520575 0.447543 0.052036 0.022889
0 0.492719 0.471057 0.043843 0.022985
0 0.503175 0.495201 0.042891 0.022013
0 0.500085 0.519978 0.042248 0.022823
0 0.488399 0.543222 0.043190 0.022990
0 0.489135 0.567068 0.045787 0.022849
0 0.589877 0.613241 0.043385 0.022977
0 0.588111 0.636400 0.036543 0.021959
0 0.609027 0.659741 0.043071 0.022892
0 0.615452 0.683783 0.041582 0.023159
0 0.623998 0.707905 0.048460 0.022110
0 0.604951 0.732216 0.045354 0.025045
0 0.547522 0.754317 0.042626 0.022452
0 0.542773 0.777589 0.040524 0.022847
0 0.563424 0.801152 0.041243 0.021809
0 0.529855 0.823674 0.034798 0.021820
0 0.526855 0.847794 0.043018 0.022725
0 0.526526 0.871526 0.028137 0.016307
0 0.470650 0.894954 0.039393 0.021325
0 0.471903 0.917379 0.043461 0.021891
0 0.459982 0.939925 0.037342 0.021824
0 0.513700 0.985038 0.043052 0.023319
0 0.511785 0.422358 0.050241 0.024619
0 0.484285 0.590226 0.051003 0.021305
0 0.457679 0.961464 0.043344 0.022948
