0 0.651467 0.600808 0.031943 0.021855
0 0.656449 0.625106 0.023822 0.023641
0 0.657816 0.649069 0.034366 0.022996
0 0.646100 0.670775 0.033585 0.018698
0 0.588303 0.697962 0.035147 0.022781
0 0.629503 0.720744 0.029289 0.023641
0 0.633799 0.744599 0.034757 0.022781
0 0.640437 0.767273 0.030851 0.022136
0 0.641023 0.790162 0.032023 0.021492
0 0.638875 0.813588 0.032413 0.025360
0 0.644538 0.837121 0.030461 0.021277
0 0.651567 0.860224 0.030461 0.024500
0 0.654301 0.883865 0.030461 0.021062
0 0.657425 0.905894 0.034366 0.021277
0 0.612515 0.929535 0.038271 0.022996
0 0.619740 0.952316 0.029289 0.022136
0 0.618373 0.975097 0.036709 0.022566
