0 0.925515 0.709151 0.030212 0.015726
0 0.932582 0.725534 0.031809 0.016509
0 0.932819 0.741120 0.034173 0.013800
0 0.939240 0.755370 0.034206 0.015152
0 0.927488 0.771086 0.031249 0.015780
0 0.931385 0.787405 0.033251 0.015900
0 0.933468 0.802743 0.025412 0.014961
0 0.942646 0.818039 0.028528 0.015354
0 0.944842 0.832920 0.028351 0.014873
0 0.949010 0.848232 0.024919 0.014529
0 0.952219 0.863134 0.032970 0.015720
0 0.958575 0.879026 0.029357 0.014353
0 0.959118 0.893710 0.028324 0.015516
0 0.978884 0.909319 0.037107 0.014306
0 0.967314 0.924486 0.029411 0.015560
0 0.967790 0.939334 0.029065 0.014335
0 0.972182 0.953702 0.024921 0.013021
0 0.972432 0.968062 0.026662 0.015600
0 0.973101 0.981430 0.021248 0.011553
0 0.862120 0.995940 0.023682 0.008120
