0 0.943484 0.100093 0.037106 0.015683
0 0.916725 0.134320 0.039337 0.023887
0 0.930091 0.168273 0.051841 0.028375
0 0.949687 0.196897 0.048210 0.025950
0 0.953207 0.229457 0.044022 0.024014
0 0.967487 0.256092 0.049390 0.026648
0 0.984895 0.284817 0.030210 0.025523
0 0.905272 0.401818 0.043335 0.023759
0 0.899608 0.427919 0.050282 0.025812
0 0.969713 0.486699 0.046059 0.023129
0 0.980535 0.540993 0.038929 0.025453
0 0.970151 0.566592 0.045727 0.021813
0 0.927820 0.598649 0.038780 0.023705
0 0.970366 0.676165 0.041431 0.014300
0 0.981834 0.710339 0.036332 0.022442
0 0.887406 0.372432 0.033724 0.029543
0 0.948659 0.456327 0.030971 0.029164
0 0.965864 0.511625 0.051618 0.026892
0 0.907392 0.077489 0.037178 0.029848
0 0.882461 0.045114 0.036303 0.032014
