0 0.853797 0.041239 0.041024 0.020558
0 0.719996 0.093264 0.034495 0.016709
0 0.725632 0.141138 0.033941 0.016025
0 0.785252 0.204721 0.036452 0.017240
0 0.784018 0.221611 0.033158 0.015104
0 0.796908 0.251197 0.033371 0.015981
0 0.800783 0.267697 0.031395 0.016742
0 0.795691 0.283092 0.032772 0.015351
0 0.797839 0.298463 0.032293 0.016222
0 0.877717 0.328407 0.037149 0.015210
0 0.875023 0.341581 0.037481 0.017280
0 0.933370 0.387590 0.031223 0.016430
0 0.972237 0.452325 0.034988 0.023397
0 0.755262 0.465974 0.033034 0.013827
0 0.758757 0.479836 0.032519 0.015766
0 0.765121 0.495463 0.033779 0.016447
0 0.768350 0.510564 0.032167 0.015160
0 0.767480 0.524485 0.036976 0.015560
0 0.843798 0.539058 0.031543 0.015904
0 0.857760 0.554260 0.026480 0.014877
0 0.866242 0.569330 0.030374 0.015943
0 0.865068 0.584693 0.034178 0.015583
0 0.861378 0.599531 0.033781 0.015309
0 0.826773 0.614704 0.031317 0.015915
0 0.826416 0.629421 0.029650 0.014709
0 0.829094 0.644256 0.031628 0.016434
0 0.835323 0.661188 0.035310 0.017952
0 0.837820 0.674625 0.030612 0.016743
0 0.843023 0.689604 0.030931 0.015092
0 0.857972 0.704941 0.030524 0.015385
0 0.854746 0.719355 0.031102 0.016174
0 0.852257 0.734050 0.030817 0.014726
0 0.929153 0.748099 0.024486 0.014280
0 0.948319 0.763104 0.035806 0.016246
0 0.933160 0.778712 0.030052 0.013870
0 0.940373 0.793055 0.029521 0.015753
0 0.938808 0.806314 0.031189 0.015744
0 0.959793 0.822409 0.027425 0.014492
0 0.971184 0.837626 0.028743 0.016893
0 0.966847 0.852431 0.032742 0.015501
0 0.971601 0.867659 0.029453 0.015663
0 0.943829 0.897210 0.030784 0.015047
0 0.923477 0.912783 0.029977 0.016353
0 0.950649 0.942000 0.029217 0.014623
0 0.959232 0.956833 0.028575 0.016100
0 0.972768 0.972853 0.030521 0.015464
0 0.974917 0.990081 0.035517 0.018004
0 0.966249 0.881519 0.032757 0.013749
0 0.922372 0.926266 0.041934 0.014423
0 0.949891 0.431784 0.044555 0.015866
0 0.943339 0.415317 0.033198 0.014183
0 0.932855 0.401735 0.042807 0.014904
0 0.926958 0.371807 0.035382 0.012260
0 0.867552 0.356542 0.036255 0.014423
0 0.875633 0.312911 0.034945 0.014183
0 0.779535 0.188870 0.042807 0.013702
0 0.656791 0.174206 0.027956 0.016587
0 0.878254 0.157259 0.047176 0.017789
0 0.727118 0.124085 0.042807 0.014904
0 0.713577 0.107859 0.035818 0.014664
0 0.714887 0.075526 0.048049 0.017789
0 0.705714 0.059300 0.042807 0.015145
0 0.933947 0.020237 0.047612 0.022597
