0 0.753172 0.462891 0.025527 0.013279
0 0.767001 0.492620 0.024371 0.014912
0 0.770789 0.509339 0.020850 0.008316
0 0.768609 0.521950 0.028981 0.014070
0 0.844806 0.536989 0.025870 0.013346
0 0.861549 0.551876 0.029043 0.014540
0 0.868342 0.566854 0.026885 0.013067
0 0.864300 0.581331 0.036265 0.015995
0 0.858900 0.596397 0.034086 0.013727
0 0.826853 0.611743 0.031304 0.016582
0 0.827945 0.627019 0.024289 0.013571
0 0.829370 0.641795 0.026894 0.014298
0 0.835068 0.656017 0.026884 0.014173
0 0.837066 0.671039 0.031059 0.015019
0 0.839627 0.686506 0.033282 0.015081
0 0.855506 0.701049 0.025257 0.014670
0 0.848995 0.731300 0.022934 0.014078
0 0.924861 0.744817 0.022423 0.014043
0 0.953931 0.760089 0.025867 0.015739
0 0.929936 0.774928 0.030891 0.014244
0 0.940312 0.789912 0.027948 0.014085
0 0.937881 0.804491 0.024771 0.014552
0 0.958379 0.818593 0.023498 0.014395
0 0.969873 0.833877 0.028861 0.015189
0 0.966729 0.849117 0.027958 0.014882
0 0.967961 0.863343 0.029352 0.015165
0 0.971799 0.877903 0.021817 0.013515
0 0.922476 0.908702 0.027175 0.014603
0 0.926923 0.924110 0.024194 0.014291
0 0.948419 0.939066 0.024780 0.014128
0 0.958027 0.954146 0.026666 0.015235
0 0.972983 0.970413 0.021511 0.016277
0 0.757707 0.476011 0.022307 0.012998
0 0.853275 0.715754 0.032367 0.015405
0 0.937472 0.893275 0.031929 0.015165
0 0.972026 0.987993 0.027555 0.016849
