0 0.745040 0.568030 0.046286 0.030759
0 0.516004 0.588896 0.040623 0.022146
0 0.511689 0.611691 0.040365 0.022643
0 0.517334 0.634167 0.038343 0.021429
0 0.710318 0.657014 0.040550 0.022852
0 0.716862 0.682144 0.045455 0.023711
0 0.714381 0.705061 0.042640 0.021779
0 0.707111 0.728041 0.043374 0.021795
0 0.706024 0.751522 0.041152 0.021856
0 0.701173 0.775528 0.050289 0.022273
0 0.680547 0.798191 0.037904 0.022570
0 0.690184 0.815034 0.023821 0.009386
0 0.689105 0.825203 0.024849 0.013950
0 0.689869 0.838736 0.026256 0.012027
0 0.670428 0.868493 0.033821 0.022219
0 0.699450 0.890850 0.039607 0.021828
0 0.722635 0.914020 0.040926 0.022078
0 0.718119 0.936261 0.039832 0.020998
0 0.736808 0.958419 0.043681 0.021236
0 0.737143 0.982676 0.036883 0.024482
