0 0.633450 0.084978 0.048181 0.024391
0 0.706863 0.189065 0.052226 0.028896
0 0.707814 0.235134 0.046230 0.022448
0 0.716159 0.257567 0.047822 0.021972
0 0.711931 0.282236 0.033654 0.016385
0 0.706840 0.330762 0.047574 0.023535
0 0.716315 0.354315 0.049680 0.022859
0 0.712257 0.379450 0.052292 0.024228
0 0.707071 0.403050 0.046592 0.021742
0 0.699684 0.426864 0.051003 0.024657
0 0.689589 0.449441 0.032864 0.017934
0 0.619865 0.470071 0.026702 0.014164
0 0.684448 0.494376 0.044685 0.023334
0 0.697805 0.519622 0.048958 0.026191
0 0.661160 0.541463 0.041587 0.023231
0 0.674846 0.566026 0.049581 0.024488
0 0.660555 0.589402 0.040006 0.021434
0 0.606721 0.635881 0.040602 0.022293
0 0.630700 0.659046 0.043006 0.022851
0 0.646643 0.682790 0.043830 0.022883
0 0.656229 0.707198 0.045838 0.021934
0 0.647903 0.729334 0.043158 0.022285
0 0.708158 0.752738 0.044689 0.022536
0 0.699926 0.776216 0.039858 0.021755
0 0.708293 0.799415 0.041944 0.022690
0 0.716342 0.822223 0.042677 0.022348
0 0.715540 0.845423 0.041335 0.022106
0 0.711133 0.869076 0.051255 0.023027
0 0.693665 0.892308 0.038621 0.021550
0 0.699547 0.914799 0.042486 0.021661
0 0.691085 0.937354 0.035234 0.020663
0 0.705414 0.959586 0.037856 0.021439
0 0.701337 0.982854 0.041833 0.021634
0 0.626957 0.010157 0.048176 0.020314
0 0.616289 0.037358 0.044735 0.027270
0 0.610783 0.060841 0.066759 0.022725
0 0.624548 0.136971 0.037853 0.023483
0 0.618354 0.161590 0.041982 0.025755
0 0.633902 0.111164 0.054389 0.027081
0 0.694766 0.211412 0.055253 0.021380
0 0.686565 0.306672 0.038849 0.023756
0 0.657643 0.612644 0.044893 0.021855
