0 0.769839 0.074152 0.043925 0.024602
0 0.766559 0.096313 0.040978 0.017678
0 0.612634 0.162005 0.041634 0.023496
0 0.743192 0.210284 0.039743 0.022996
0 0.686558 0.307744 0.039991 0.021983
0 0.691219 0.331509 0.040403 0.023200
0 0.735086 0.354585 0.046869 0.023081
0 0.729784 0.378855 0.045967 0.022816
0 0.716704 0.401970 0.049015 0.021918
0 0.702973 0.425380 0.038474 0.022578
0 0.712757 0.448247 0.038757 0.022126
0 0.771400 0.515954 0.035138 0.017736
0 0.759374 0.542151 0.051916 0.021897
0 0.738977 0.562392 0.041656 0.016107
0 0.513596 0.591714 0.038540 0.022113
0 0.509967 0.615009 0.040031 0.022846
0 0.517328 0.637688 0.033730 0.021130
0 0.708066 0.659923 0.039785 0.021921
0 0.715158 0.682323 0.033225 0.020843
0 0.713425 0.707504 0.038361 0.021884
0 0.704639 0.729815 0.034252 0.021449
0 0.705132 0.753994 0.038932 0.022544
0 0.701863 0.777637 0.049789 0.022076
0 0.682048 0.800132 0.034643 0.022238
0 0.685336 0.823242 0.040043 0.022713
0 0.671660 0.870285 0.036198 0.022204
0 0.699129 0.892889 0.037856 0.021808
0 0.722152 0.915415 0.033727 0.022798
0 0.717688 0.938127 0.033912 0.021547
0 0.738051 0.960517 0.035615 0.022290
0 0.732141 0.984002 0.042327 0.023297
0 0.760898 0.021036 0.039942 0.025025
0 0.760591 0.047921 0.056534 0.026040
0 0.746765 0.137199 0.065751 0.026716
0 0.756597 0.185896 0.047316 0.024687
0 0.759669 0.235270 0.047316 0.024687
0 0.752296 0.260126 0.032568 0.025701
0 0.757211 0.284305 0.069438 0.024010
0 0.778104 0.471316 0.046087 0.021305
0 0.779641 0.494650 0.057763 0.021981
0 0.682033 0.846528 0.042426 0.022867
