0 0.757022 0.071725 0.034140 0.017092
0 0.755550 0.089588 0.039245 0.017505
0 0.744503 0.107798 0.031388 0.016726
0 0.802640 0.278394 0.026617 0.014196
0 0.823623 0.294496 0.036885 0.016607
0 0.817801 0.311847 0.032949 0.015857
0 0.924473 0.373612 0.032631 0.017171
0 0.936899 0.455758 0.036781 0.017069
0 0.945095 0.487599 0.031116 0.017172
0 0.950191 0.504211 0.023706 0.013031
0 0.948602 0.518657 0.031229 0.015205
0 0.942287 0.534930 0.037946 0.017318
0 0.940694 0.552917 0.027017 0.012850
0 0.815443 0.568673 0.029113 0.014952
0 0.810689 0.584599 0.034623 0.016950
0 0.807376 0.601331 0.032125 0.016229
0 0.810526 0.618081 0.028715 0.015515
0 0.810048 0.633497 0.033549 0.015002
0 0.811725 0.648293 0.027632 0.014307
0 0.922384 0.661893 0.026010 0.013153
0 0.940528 0.677113 0.032248 0.017219
0 0.940809 0.693792 0.026492 0.014210
0 0.820633 0.726347 0.032453 0.017146
0 0.820479 0.742587 0.029605 0.013500
0 0.944243 0.756118 0.026692 0.016570
0 0.822762 0.799247 0.017967 0.008767
0 0.954902 0.816924 0.028642 0.014642
0 0.952543 0.831958 0.033157 0.014927
0 0.968147 0.864011 0.031181 0.018406
0 0.843584 0.879035 0.022689 0.013798
0 0.941771 0.893856 0.027713 0.015847
0 0.937668 0.908666 0.030314 0.013945
0 0.918772 0.923174 0.027398 0.013959
0 0.936786 0.937912 0.027133 0.014823
0 0.947015 0.953288 0.025543 0.015249
0 0.972831 0.982612 0.025991 0.014711
0 0.964129 0.994898 0.019769 0.009749
0 0.895534 0.846634 0.017894 0.014771
0 0.942103 0.967501 0.018991 0.013706
0 0.901697 0.770094 0.027923 0.013749
0 0.883327 0.785730 0.026453 0.014288
0 0.949384 0.708680 0.029882 0.013480
0 0.940811 0.471978 0.029392 0.014558
0 0.933218 0.437606 0.029882 0.016984
0 0.893294 0.423722 0.027433 0.014019
0 0.929544 0.407007 0.024494 0.012940
0 0.931504 0.390427 0.025473 0.014288
0 0.955752 0.357402 0.032821 0.012401
0 0.826916 0.344597 0.026943 0.016445
0 0.827651 0.328421 0.037230 0.015906
0 0.818098 0.262641 0.034781 0.015906
0 0.804872 0.245657 0.030862 0.016984
0 0.800218 0.228403 0.034291 0.016445
0 0.803402 0.212901 0.036740 0.018332
0 0.895743 0.196591 0.040170 0.019141
0 0.830345 0.177854 0.033801 0.016175
0 0.766172 0.160870 0.033801 0.017793
0 0.764212 0.142807 0.039680 0.017254
0 0.756619 0.125284 0.034291 0.013480
0 0.885211 0.056403 0.038700 0.022915
