0 0.782133 0.111266 0.041010 0.020359
0 0.749376 0.144951 0.027827 0.018712
0 0.749314 0.163896 0.035731 0.017617
0 0.744136 0.181303 0.047790 0.015375
0 0.718867 0.197295 0.029865 0.016529
0 0.716466 0.214881 0.038586 0.017349
0 0.715364 0.230411 0.050294 0.015377
0 0.723216 0.247993 0.037825 0.018924
0 0.723775 0.263982 0.043056 0.015976
0 0.712253 0.283781 0.048058 0.020226
0 0.681939 0.299087 0.026139 0.013536
0 0.690440 0.313835 0.031122 0.016753
0 0.709976 0.331275 0.025467 0.012367
0 0.645528 0.348157 0.030493 0.016486
0 0.672573 0.364462 0.032118 0.017058
0 0.675875 0.380815 0.030860 0.015657
0 0.690627 0.397006 0.027628 0.016507
0 0.695305 0.413668 0.031479 0.017108
0 0.808141 0.429890 0.021568 0.013135
0 0.830705 0.445910 0.028519 0.012470
0 0.790293 0.461393 0.026250 0.015776
0 0.834845 0.477050 0.026870 0.015533
0 0.842673 0.492922 0.027090 0.014633
0 0.846638 0.524076 0.032070 0.016305
0 0.851729 0.539827 0.025410 0.014391
0 0.852532 0.556263 0.024613 0.011236
0 0.861103 0.570986 0.026302 0.016115
0 0.862295 0.587376 0.031769 0.015588
0 0.856853 0.608177 0.043628 0.020706
0 0.690316 0.621258 0.029360 0.015179
0 0.730374 0.637348 0.027226 0.014816
0 0.731144 0.653550 0.027774 0.014096
0 0.730485 0.668065 0.027002 0.014127
0 0.738305 0.682757 0.034576 0.016434
0 0.742404 0.699073 0.027138 0.015579
0 0.939592 0.712181 0.028911 0.015446
0 0.945497 0.729838 0.022666 0.011307
0 0.945493 0.742864 0.025970 0.013904
0 0.949860 0.757662 0.033670 0.016210
0 0.938580 0.774151 0.024974 0.015217
0 0.941295 0.789652 0.029144 0.014872
0 0.944127 0.805291 0.027059 0.014319
0 0.952590 0.819525 0.028486 0.015340
0 0.954630 0.834596 0.030715 0.014539
0 0.959452 0.849704 0.024744 0.014619
0 0.966134 0.880293 0.030685 0.015962
0 0.988002 0.911519 0.023996 0.014941
0 0.974780 0.926317 0.031661 0.015076
0 0.973323 0.941537 0.027863 0.011149
0 0.978103 0.955105 0.029541 0.013687
0 0.977998 0.969454 0.033724 0.015797
0 0.974532 0.986662 0.027458 0.015923
0 0.766304 0.126861 0.030070 0.016334
0 0.776263 0.091185 0.030461 0.017193
0 0.788760 0.072809 0.033585 0.019128
0 0.782706 0.055294 0.030070 0.016334
0 0.795984 0.036381 0.032413 0.018483
0 0.726738 0.017448 0.024603 0.019772
0 0.868395 0.996197 0.025809 0.007605
