0 0.707517 0.058408 0.038349 0.018381
0 0.713229 0.076644 0.038415 0.017798
0 0.721783 0.093594 0.040048 0.017214
0 0.724872 0.124583 0.038518 0.017377
0 0.725410 0.141430 0.036187 0.017962
0 0.886438 0.161738 0.051127 0.029688
0 0.657312 0.175348 0.035470 0.016900
0 0.782726 0.188051 0.037076 0.017422
0 0.782376 0.205017 0.041213 0.017330
0 0.783478 0.220457 0.035555 0.015459
0 0.792765 0.242119 0.043178 0.027527
0 0.800589 0.267173 0.036801 0.016302
0 0.794862 0.283313 0.036964 0.016852
0 0.796559 0.298044 0.037338 0.016769
0 0.877547 0.312280 0.036733 0.017054
0 0.877044 0.329363 0.039137 0.016716
0 0.930121 0.371813 0.034773 0.015957
0 0.932781 0.387736 0.033789 0.016674
0 0.937302 0.401056 0.032918 0.015782
0 0.949158 0.416920 0.031457 0.015891
0 0.958650 0.432653 0.031229 0.015648
0 0.972460 0.452938 0.043060 0.025809
0 0.757846 0.475341 0.039133 0.023618
0 0.766968 0.495397 0.033061 0.015749
0 0.769042 0.510994 0.035046 0.016311
0 0.845878 0.538889 0.031397 0.015648
0 0.860164 0.553896 0.030632 0.014539
0 0.867949 0.569740 0.033883 0.017136
0 0.865771 0.584660 0.035086 0.015762
0 0.828254 0.614454 0.032633 0.015704
0 0.827201 0.629372 0.034829 0.015064
0 0.828604 0.644207 0.033135 0.016402
0 0.834643 0.659884 0.034594 0.015500
0 0.838082 0.674311 0.033699 0.016758
0 0.841827 0.689326 0.032295 0.015415
0 0.851098 0.734631 0.029659 0.013719
0 0.929813 0.748189 0.028090 0.014715
0 0.946991 0.763474 0.040371 0.016255
0 0.932347 0.778698 0.031672 0.014171
0 0.940428 0.793607 0.031428 0.016399
0 0.938420 0.806145 0.034712 0.016414
0 0.959479 0.822275 0.029390 0.014231
0 0.970666 0.837615 0.030557 0.016911
0 0.966608 0.852611 0.033542 0.015575
0 0.969872 0.867839 0.032768 0.016037
0 0.969263 0.881272 0.038439 0.018286
0 0.922878 0.912518 0.032337 0.016693
0 0.949592 0.941944 0.031532 0.014927
0 0.954878 0.955652 0.036118 0.017069
0 0.971034 0.972519 0.032321 0.015862
0 0.974352 0.989598 0.036357 0.018018
0 0.866030 0.340960 0.044851 0.013307
0 0.865445 0.357379 0.028081 0.013522
0 0.763731 0.523530 0.041117 0.012158
0 0.860693 0.599013 0.032525 0.013171
0 0.857318 0.703879 0.029457 0.016211
0 0.857011 0.718063 0.039890 0.014185
0 0.939859 0.896216 0.027616 0.014522
0 0.937404 0.925936 0.026389 0.013847
0 0.856017 0.042352 0.046558 0.019928
0 0.926717 0.020763 0.034487 0.021352
