0 0.340448 0.271647 0.044998 0.023597
0 0.418792 0.295957 0.047478 0.022579
0 0.331769 0.344033 0.041056 0.025219
0 0.339343 0.368427 0.040507 0.021169
0 0.448575 0.392101 0.045311 0.022493
0 0.450574 0.417315 0.054752 0.023150
0 0.289064 0.441559 0.045438 0.023449
0 0.290692 0.464216 0.046213 0.020823
0 0.290117 0.487722 0.053325 0.023179
0 0.284115 0.512058 0.043637 0.021933
0 0.278494 0.535167 0.042420 0.023209
0 0.279007 0.558229 0.044016 0.021510
0 0.364042 0.582658 0.045316 0.022219
0 0.348456 0.604869 0.046003 0.021714
0 0.421163 0.628255 0.040392 0.022325
0 0.433777 0.651885 0.042552 0.022397
0 0.436680 0.676342 0.045063 0.022252
0 0.425387 0.698361 0.040748 0.019920
0 0.264541 0.723480 0.040833 0.022802
0 0.266646 0.747164 0.044679 0.022354
0 0.256484 0.770322 0.040060 0.021749
0 0.252333 0.793779 0.042579 0.022750
0 0.240981 0.816431 0.046040 0.022250
0 0.232246 0.839325 0.038779 0.021515
0 0.372367 0.863357 0.046809 0.022817
0 0.349762 0.885577 0.038932 0.021451
0 0.379854 0.908630 0.041058 0.021788
0 0.370933 0.931995 0.040707 0.022200
0 0.365521 0.954298 0.040112 0.021272
0 0.358593 0.976429 0.034374 0.020647
0 0.447698 0.321432 0.052847 0.023672
