0 0.803303 0.218186 0.027240 0.016382
0 0.811613 0.235302 0.027315 0.011244
0 0.816488 0.250394 0.028401 0.016485
0 0.818835 0.267159 0.034241 0.015060
0 0.946283 0.373433 0.027775 0.015304
0 0.948140 0.390671 0.020383 0.009087
0 0.955820 0.403600 0.025208 0.010865
0 0.961773 0.418967 0.024491 0.015342
0 0.982232 0.454306 0.035535 0.023789
0 0.772144 0.466751 0.026001 0.013126
0 0.775808 0.480798 0.030276 0.015146
0 0.781616 0.496095 0.032959 0.016094
0 0.784127 0.512089 0.030087 0.014635
0 0.783584 0.526076 0.031704 0.014660
0 0.861826 0.539709 0.029431 0.015066
0 0.872126 0.554984 0.029003 0.015512
0 0.881574 0.569693 0.031976 0.015957
0 0.880374 0.585699 0.034420 0.015992
0 0.875507 0.603110 0.039694 0.018560
0 0.841955 0.615370 0.030548 0.015733
0 0.840486 0.631209 0.033304 0.014920
0 0.837887 0.646060 0.030331 0.014078
0 0.846239 0.660721 0.027528 0.014585
0 0.849158 0.675418 0.031437 0.015292
0 0.850920 0.690454 0.035310 0.014873
0 0.867046 0.706595 0.030614 0.015937
0 0.866849 0.721522 0.028936 0.012343
0 0.858928 0.736468 0.028327 0.014442
0 0.938532 0.749695 0.031183 0.015257
0 0.959805 0.765368 0.037561 0.016316
0 0.942073 0.780466 0.024870 0.013398
0 0.950371 0.795023 0.031784 0.015470
0 0.948927 0.810034 0.022929 0.011072
0 0.969294 0.823223 0.027263 0.014708
0 0.978553 0.838324 0.031887 0.015917
0 0.974417 0.854244 0.025150 0.012389
0 0.977385 0.868424 0.029518 0.015441
0 0.947758 0.899052 0.035155 0.015161
0 0.930026 0.913144 0.031124 0.014744
0 0.935108 0.928280 0.029756 0.014475
0 0.957693 0.943105 0.026512 0.015861
0 0.964808 0.958875 0.025112 0.012603
0 0.981908 0.973057 0.023973 0.015399
0 0.983479 0.989003 0.024243 0.016607
0 0.811361 0.280484 0.033035 0.013256
0 0.811017 0.296391 0.041982 0.014771
0 0.896702 0.312489 0.034412 0.012120
0 0.894637 0.325934 0.044047 0.014014
0 0.892573 0.341274 0.031659 0.015908
0 0.884314 0.356235 0.037165 0.014771
0 0.971032 0.432744 0.035788 0.015529
