0 0.794171 0.217527 0.035745 0.017075
0 0.801050 0.234383 0.039897 0.016737
0 0.884998 0.309508 0.037777 0.018002
0 0.872788 0.355691 0.041615 0.016833
0 0.937857 0.369480 0.035784 0.018404
0 0.774579 0.494089 0.038373 0.016708
0 0.776495 0.524914 0.035866 0.016892
0 0.852469 0.537612 0.032316 0.016406
0 0.865176 0.552730 0.031423 0.014737
0 0.874502 0.568250 0.034504 0.016813
0 0.873331 0.583487 0.035300 0.016395
0 0.840908 0.658767 0.034203 0.015749
0 0.931859 0.746723 0.031561 0.015602
0 0.956900 0.762972 0.041532 0.017517
0 0.936450 0.777306 0.030708 0.014075
0 0.946717 0.792176 0.031553 0.015304
0 0.944888 0.806314 0.029356 0.015566
0 0.963962 0.821057 0.035186 0.016465
0 0.974592 0.836025 0.033209 0.015845
0 0.970214 0.850918 0.030863 0.015808
0 0.973077 0.866402 0.035025 0.015467
0 0.971861 0.881227 0.040149 0.015992
0 0.943760 0.895956 0.038975 0.015866
0 0.926976 0.910683 0.029791 0.014657
0 0.930701 0.923660 0.033707 0.017306
0 0.954347 0.940620 0.033948 0.015991
0 0.962392 0.955152 0.029052 0.015939
0 0.975469 0.971542 0.034723 0.017074
0 0.976974 0.988933 0.035033 0.017190
0 0.665928 0.168097 0.036821 0.018575
0 0.792040 0.183295 0.048481 0.017224
0 0.784676 0.200688 0.047254 0.012158
0 0.807472 0.249272 0.045419 0.013980
0 0.809397 0.261981 0.067743 0.016522
0 0.803239 0.279775 0.036951 0.013980
0 0.802854 0.294390 0.053117 0.015251
0 0.884838 0.328071 0.044649 0.014828
0 0.879835 0.339297 0.053117 0.012709
0 0.935261 0.386110 0.039260 0.013980
0 0.936031 0.400091 0.056196 0.013980
0 0.956815 0.414495 0.050038 0.016522
0 0.959895 0.430382 0.039260 0.020335
0 0.974906 0.444786 0.036951 0.011862
0 0.774756 0.507062 0.052347 0.016099
0 0.761284 0.461944 0.034641 0.013133
0 0.763593 0.476560 0.053117 0.014404
0 0.835570 0.611492 0.032332 0.014828
0 0.871752 0.595393 0.032332 0.011439
0 0.831721 0.626108 0.033872 0.011015
0 0.833646 0.640512 0.034641 0.012709
0 0.844808 0.673344 0.033872 0.011439
0 0.845578 0.685207 0.041570 0.015675
0 0.860974 0.701729 0.038490 0.014828
0 0.854046 0.716133 0.035411 0.015675
0 0.860204 0.731173 0.041570 0.014404
