0 0.681966 0.033970 0.053402 0.028744
0 0.547397 0.061225 0.048150 0.023564
0 0.829889 0.141079 0.033216 0.016264
0 0.493544 0.602421 0.041593 0.026588
0 0.562570 0.660094 0.040916 0.022640
0 0.438233 0.799998 0.041432 0.024751
0 0.555617 0.821216 0.028805 0.014371
0 0.526629 0.856112 0.042390 0.026178
0 0.520381 0.883326 0.039724 0.025441
0 0.523799 0.909194 0.041577 0.022528
0 0.530583 0.628990 0.027981 0.025363
0 0.552804 0.685906 0.030725 0.027477
0 0.520158 0.715194 0.037857 0.027477
0 0.587918 0.742671 0.038406 0.028685
0 0.538264 0.770450 0.052122 0.027477
0 0.544574 0.937726 0.032919 0.026269
0 0.552804 0.964297 0.032919 0.027477
0 0.552804 0.989168 0.044990 0.021663
