0 0.623933 0.033352 0.047019 0.025101
0 0.618155 0.057309 0.037934 0.021117
0 0.630817 0.087464 0.039495 0.018080
0 0.694487 0.209804 0.037820 0.023692
0 0.714146 0.258243 0.040478 0.023397
0 0.710074 0.282120 0.045761 0.022555
0 0.691581 0.306026 0.040879 0.022945
0 0.712403 0.329247 0.046792 0.022964
0 0.714060 0.353304 0.037946 0.023823
0 0.709336 0.377460 0.040882 0.022038
0 0.703663 0.401373 0.042607 0.022552
0 0.696723 0.424592 0.044901 0.022477
0 0.684844 0.446869 0.039050 0.020682
0 0.618196 0.470954 0.040011 0.021489
0 0.685736 0.495250 0.040882 0.021174
0 0.697465 0.517130 0.043468 0.021245
0 0.661288 0.540867 0.037144 0.022241
0 0.671549 0.565206 0.048022 0.023508
0 0.658723 0.588516 0.038040 0.020344
0 0.661478 0.613585 0.031583 0.017878
0 0.607244 0.635679 0.036034 0.021487
0 0.629638 0.658803 0.042050 0.022720
0 0.646293 0.682798 0.042311 0.022192
0 0.655473 0.706876 0.040592 0.022099
0 0.645867 0.729002 0.036281 0.021199
0 0.704133 0.752427 0.041045 0.021874
0 0.698038 0.775817 0.037132 0.021848
0 0.708495 0.800011 0.034570 0.018908
0 0.714434 0.821226 0.037087 0.021783
0 0.715551 0.845040 0.035671 0.022314
0 0.719037 0.867614 0.034821 0.020671
0 0.694393 0.891855 0.037824 0.021170
0 0.699045 0.914687 0.042095 0.021640
0 0.688333 0.936722 0.036852 0.020232
0 0.703033 0.959868 0.036797 0.022566
0 0.702276 0.981888 0.032976 0.018784
0 0.620776 0.009516 0.052486 0.019031
0 0.632804 0.109537 0.036303 0.023108
0 0.620776 0.136014 0.030617 0.025996
0 0.625150 0.160446 0.028867 0.022386
0 0.703005 0.183915 0.041114 0.025515
0 0.706941 0.234102 0.036740 0.022867
