0 0.641800 0.366039 0.044365 0.025776
0 0.677215 0.389639 0.037649 0.021346
0 0.693531 0.414045 0.045467 0.025833
0 0.686454 0.438903 0.043782 0.022120
0 0.696263 0.462211 0.041006 0.021623
0 0.647483 0.485278 0.036180 0.023119
0 0.761063 0.508475 0.030687 0.013319
0 0.791297 0.534943 0.058234 0.020412
0 0.766830 0.554082 0.038552 0.017771
0 0.706241 0.580670 0.045648 0.023820
0 0.695170 0.605099 0.037299 0.021820
0 0.695479 0.628118 0.036285 0.020720
0 0.705817 0.650875 0.037866 0.021727
0 0.711326 0.673317 0.038148 0.020837
0 0.719254 0.698418 0.039321 0.022649
0 0.750872 0.721550 0.047824 0.022718
0 0.729065 0.745100 0.052705 0.020427
0 0.704289 0.770208 0.035154 0.022162
0 0.701583 0.792397 0.039298 0.021364
0 0.713532 0.816416 0.040123 0.022799
0 0.694722 0.863342 0.035284 0.022171
0 0.690360 0.885715 0.036178 0.021254
0 0.709787 0.908951 0.034819 0.021833
0 0.726220 0.932124 0.036323 0.020771
0 0.645874 0.270087 0.053768 0.023853
0 0.639565 0.296507 0.031273 0.025363
0 0.654104 0.321418 0.034017 0.025061
0 0.660688 0.343006 0.060352 0.018720
0 0.713143 0.840006 0.048550 0.023349
0 0.745947 0.954221 0.028430 0.022145
0 0.743760 0.977570 0.034553 0.024552
